LP-SO-3T:[2192204, 2193525, 2192003, 2192003, 2194161, 2194812, 2197736, 2200827, 2200827, 2202275, 2203346, 2204023, 2205484, 2205484, 2207105, 2205831, 2202798, 2201698, 2201698, 2201202, 2202140, 2203111, 2202230, 2202230, 2201477, 2200901, 2200344, 2200352, 2200352, 2200978, 2199241, 2196545, 2194824, 2194824, 2193360, 2192040, 2191669, 2191752, 2191752, 2190840]
TT-MI-3T:[2173379, 2173379, 2174943, 2176986, 2179239, 2181479, 2181479, 2183581, 2184902, 2186273, 2186256, 2186256, 2184102, 2182072, 2183362, 2184310, 2184310, 2188564, 2188664, 2192961, 2193065, 2193065, 2196078, 2198323, 2199898, 2196968, 2196968, 2194558, 2189549, 2187380, 2187707, 2187707, 2189720, 2190792, 2192454, 2193119, 2193119, 2194585, 2194689, 2194315]
LG-MI-3T:[2180890, 2180894, 2181764, 2181764, 2180208, 2179020, 2179221, 2181096, 2181096, 2180872, 2181706, 2182046, 2183744, 2183744, 2184677, 2186874, 2187408, 2187673, 2187673, 2184327, 2182375, 2182017, 2181966, 2181966, 2182145, 2180750, 2181107, 2181037, 2181037, 2182129, 2182723, 2182530, 2183587, 2183587, 2180589, 2178132, 2175895, 2176129, 2176129, 2177062]
IF-HR-3T:[2180802, 2179001, 2175378, 2175378, 2173192, 2172141, 2171992, 2172197, 2172197, 2171495, 2170965, 2170794, 2171843, 2171843, 2172334, 2173500, 2174094, 2173573, 2173573, 2170687, 2167822, 2167353, 2167619, 2167619, 2168108, 2168113, 2168435, 2168311, 2168311, 2169015, 2169690, 2171473, 2172226, 2172226, 2172045, 2168666, 2166321, 2164561, 2164561, 2165040]
PI-HR-3T:[2151820, 2154452, 2153449, 2153424, 2153424, 2152209, 2151266, 2151256, 2150654, 2150654, 2150259, 2149729, 2148356, 2145118, 2145118, 2142813, 2142717, 2142494, 2142167, 2142167, 2141720, 2141473, 2142937, 2143627, 2143627, 2145181, 2146612, 2147523, 2147150, 2147150, 2146155, 2145429, 2146412, 2147324, 2147324, 2149824, 2152705, 2151917, 2154064, 2154064]
LT-HR-3T:[2159920, 2156522, 2157496, 2157496, 2160217, 2163374, 2164641, 2165276, 2165276, 2164543, 2164829, 2166588, 2168399, 2168399, 2170001, 2172246, 2173995, 2175494, 2175494, 2177145, 2178557, 2181138, 2181942, 2181942, 2180319, 2179496, 2179933, 2180449, 2180449, 2182074, 2182113, 2182059, 2183071, 2183071, 2183731, 2185558, 2185862, 2186423, 2186423, 2184061]
LG-SO-3T:[2184235, 2184235, 2183874, 2181019, 2178381, 2176959, 2176959, 2176806, 2177479, 2177787, 2178214, 2178214, 2178144, 2178562, 2179945, 2179875, 2179875, 2181042, 2180361, 2177837, 2177837, 2175265, 2173827, 2173475, 2173499, 2173499, 2173843, 2173713, 2173826, 2174921, 2174921, 2175731, 2177516, 2178332, 2179087, 2179087, 2177855, 2174406, 2172404, 2171835]
PS-MI-3T:[2179792, 2179792, 2178926, 2176489, 2174576, 2173839, 2173839, 2174981, 2175627, 2176095, 2176848, 2176848, 2177280, 2178020, 2178973, 2180435, 2180435, 2182696, 2183632, 2182292, 2179948, 2179948, 2178903, 2179253, 2180218, 2180741, 2180741, 2181266, 2182191, 2182472, 2183464, 2183464, 2184769, 2185694, 2186550, 2186799, 2186799, 2184952, 2183264, 2181670]
FI-SO-3T:[2185143, 2185999, 2185999, 2186825, 2186945, 2185908, 2182997, 2182997, 2179467, 2178039, 2176948, 2178068, 2178068, 2178577, 2179253, 2179624, 2179505, 2179505, 2179820, 2181050, 2181143, 2179936, 2179936, 2178656, 2176135, 2174941, 2173687, 2173687, 2173321, 2173959, 2174825, 2176066, 2176066, 2177812, 2179714, 2181042, 2183147, 2183147, 2184557, 2183974]
PD-SO-3T:[2184507, 2184507, 2184552, 2185016, 2185065, 2184748, 2184748, 2185691, 2186023, 2186608, 2187445, 2187445, 2184887, 2181707, 2180549, 2179897, 2179897, 2180280, 2180571, 2180378, 2180611, 2180611, 2181028, 2181596, 2183223, 2184220, 2184220, 2183125, 2180866, 2178816, 2178103, 2178103, 2179173, 2179261, 2179312, 2178904, 2178904, 2178494, 2179317, 2180498]
T2-MI-3T:[2178800, 2179409, 2178357, 2174728, 2174728, 2172437, 2172052, 2171830, 2173309, 2173309, 2175432, 2178461, 2178832, 2177796, 2177796, 2176682, 2175528, 2174648, 2173526, 2173526, 2171565, 2168459, 2160004, 2159124, 2159124, 2160996, 2161335, 2163673, 2165377, 2165377, 2166957, 2169770, 2171324, 2172017, 2172017, 2173818, 2174901, 2176932, 2175565, 2175565]
LG-HR-3T:[2180529, 2180529, 2181462, 2181616, 2180972, 2181171, 2181171, 2182001, 2182277, 2183103, 2183775, 2183775, 2181643, 2180450, 2179271, 2178959, 2178959, 2179505, 2179129, 2178318, 2178318, 2178233, 2177943, 2178448, 2179245, 2179245, 2179058, 2179241, 2177834, 2175805, 2175805, 2174419, 2173640, 2173778, 2173129, 2173129, 2172933, 2173252, 2173708, 2174039]
IF-SO-3T:[2175439, 2175439, 2174895, 2173528, 2171438, 2169909, 2169909, 2169991, 2169911, 2170385, 2171149, 2171149, 2171453, 2170406, 2170651, 2170260, 2170260, 2169893, 2169191, 2168178, 2165718, 2165718, 2161699, 2158022, 2155264, 2155685, 2155685, 2155569, 2155028, 2153584, 2152324, 2152324, 2152195, 2152119, 2151724, 2150872, 2150872, 2149601, 2146459, 2142846]
T2-SO-3T:[2130444, 2131483, 2131488, 2129977, 2129977, 2128485, 2127919, 2128202, 2128779, 2128779, 2128974, 2129081, 2129371, 2129662, 2129662, 2130145, 2130925, 2131427, 2130929, 2130929, 2129111, 2127793, 2127434, 2128313, 2128313, 2129105, 2129566, 2129802, 2130325, 2130325, 2131068, 2132008, 2132819, 2133423, 2133423, 2132569, 2130523, 2129088, 2128779, 2128779]
FI-MI-3T:[2132791, 2132840, 2131481, 2131481, 2130527, 2130309, 2130836, 2131780, 2131780, 2132619, 2132957, 2133054, 2132676, 2132676, 2131508, 2132379, 2133841, 2136042, 2136042, 2137026, 2136195, 2135630, 2136680, 2136680, 2138030, 2139541, 2140021, 2139999, 2139999, 2139938, 2140164, 2140260, 2140990, 2140990, 2141743, 2142153, 2141341, 2139924, 2139924, 2138996]
LT-MI-3T:[2141361, 2141361, 2144108, 2144862, 2146633, 2146633, 2149879, 2154265, 2154262, 2157506, 2157506, 2162280, 2164002, 2166323, 2168033, 2168033, 2169477, 2170486, 2171208, 2170492, 2170492, 2168618, 2167290, 2166813, 2166659, 2166659, 2166465, 2165889, 2165508, 2164970, 2164970, 2163892, 2163562, 2163832, 2163650, 2163650, 2161464, 2158713, 2157370, 2156817]
T3-MI-3T:[2152858, 2152858, 2152827, 2151182, 2148098, 2145876, 2145876, 2145240, 2145266, 2147029, 2148000, 2148000, 2149936, 2151568, 2153262, 2155807, 2155807, 2158702, 2160548, 2159361, 2157941, 2157941, 2157163, 2157335, 2158435, 2161361, 2161361, 2163078, 2164216, 2166344, 2170028, 2172031, 2172031, 2172465, 2173463, 2173134, 2173261, 2173261, 2172909, 2173254]
PS-SO-3T:[2163674, 2163773, 2163773, 2163803, 2163741, 2162599, 2160626, 2160626, 2159483, 2159902, 2161062, 2156107, 2156107, 2156599, 2164320, 2167974, 2168532, 2168532, 2169292, 2171003, 2173386, 2175526, 2175526, 2175127, 2174101, 2172134, 2172796, 2172796, 2174765, 2175465, 2176416, 2176917, 2176917, 2177078, 2177899, 2177980, 2178279, 2178279, 2179260, 2180061]
LP-MI-3T:[2163234, 2163398, 2163819, 2163819, 2164687, 2165407, 2164653, 2160397, 2160397, 2161889, 2162827, 2166612, 2169911, 2169911, 2171819, 2172520, 2173697, 2175174, 2175174, 2177057, 2178883, 2181263, 2183070, 2183070, 2183500, 2183027, 2182239, 2184326, 2184326, 2185347, 2185808, 2186483, 2186574, 2186574, 2187986, 2189729, 2190673, 2191902, 2191902, 2192732]
PD-MI-3T:[2187132, 2187174, 2187174, 2187678, 2188693, 2189354, 2189336, 2189336, 2189320, 2188015, 2184547, 2183048, 2183048, 2181899, 2180730, 2181044, 2181407, 2181407, 2181673, 2182437, 2184212, 2185911, 2185911, 2187719, 2189605, 2189941, 2188767, 2188767, 2187515, 2187032, 2187701, 2188424, 2188424, 2188732, 2188913, 2188811, 2189827, 2189827, 2190810, 2191166]
WT-SO-3T:[2179427, 2179049, 2179823, 2180318, 2181247, 2181247, 2181978, 2182592, 2181142, 2179015, 2179015, 2176824, 2176398, 2176486, 2176482, 2176482, 2176217, 2175771, 2175760, 2176098, 2176098, 2176777, 2177410, 2178135, 2176877, 2176877, 2174108, 2171406, 2170059, 2169716, 2169716, 2169750, 2169598, 2169204, 2169212, 2169212, 2169923, 2170408, 2171349, 2172144]
T2-HR-3T:[2168320, 2168436, 2168240, 2169099, 2169099, 2170145, 2170954, 2171974, 2173536, 2173536, 2174422, 2172747, 2170742, 2169486, 2169486, 2168164, 2167590, 2166767, 2166006, 2166006, 2165540, 2165159, 2164936, 2164734, 2164734, 2164336, 2164737, 2164484, 2163329, 2163329, 2161221, 2159525, 2159330, 2159775, 2159775, 2160533, 2160907, 2161054, 2161106, 2161106]
TP-MI-3T:[2164599, 2163864, 2162810, 2162284, 2162284, 2162634, 2162632, 2162931, 2163192, 2163192, 2165227, 2166797, 2168234, 2170756, 2170756, 2169886, 2169523, 2168594, 2168073, 2168073, 2169080, 2170071, 2171364, 2171783, 2171783, 2172511, 2174238, 2175307, 2176497, 2176497, 2177567, 2178664, 2177653, 2175500, 2175500, 2174114, 2173429, 2173781, 2173815, 2173815]
T3-SO-3T:[2163709, 2163653, 2164010, 2163753, 2163141, 2163141, 2162174, 2162501, 2163088, 2164460, 2164460, 2165514, 2167024, 2167699, 2167383, 2167383, 2167296, 2168054, 2169201, 2170470, 2170470, 2171079, 2172379, 2173582, 2174858, 2174858, 2176141, 2176953, 2178382, 2178723, 2178723, 2177018, 2175599, 2175568, 2175576, 2175576, 2176075, 2176705, 2176239, 2176538]
WT-HR-3T:[2169791, 2168788, 2169874, 2169874, 2170343, 2170395, 2171510, 2171605, 2171605, 2170016, 2167759, 2166212, 2165310, 2165310, 2165146, 2165273, 2164718, 2164883, 2164883, 2163949, 2164329, 2164710, 2164287, 2164287, 2164368, 2162550, 2160421, 2158902, 2158902, 2157386, 2157807, 2157853, 2157975, 2157975, 2158360, 2158224, 2158771, 2159628, 2159628, 2160570]
