2197040,2195219,2197091,2197884,2198378,2198378,2198344,2198787,2199618,2201036,2201036,2202015,2203232,2203699,2203282,2203282,2201726,2200768,2200914,2201244,2201244,2201961,2201988,2202187,2202920,2202920,2204163,2205066,2206376,2207110,2207110,2207026,2204661,2203249,2203249,2203249,2203356,2203197,2203929,2204215,R
2211905,2211905,2210191,2210402,2210253,2208807,2208807,2208665,2207236,2205463,2204720,2204720,2203891,2204670,2206158,2207444,2207444,2207310,2205792,2205024,2203349,2203349,2201231,2202376,2203240,2205108,2205108,2207137,2209623,2213180,2214599,2214599,2217623,2219379,2222180,2224510,2224510,2226689,2229534,2232202,R
2238701,2238531,2238816,2239355,2239355,2240030,2240738,2240486,2238602,2238602,2237387,2236032,2235731,2235485,2235485,2235156,2234357,2234161,2234345,2234345,2235514,2236563,2238405,2237234,2237234,2234624,2232256,2231021,2230437,2230437,2230729,2230302,2229880,2230157,2230157,2230362,2231365,2232051,2232998,2232998,R
2222362,2220662,2217816,2217816,2216476,2215880,2215888,2215382,2215382,2214851,2214009,2213537,2213323,2213323,2213016,2213082,2210720,2210720,2210720,2208528,2206865,2204996,2204996,2204996,2204388,2203561,2202991,2202728,2202728,2202802,2202756,2202661,2201406,2201406,2199474,2197453,2196882,2196516,2196516,2196430,R
2201078,2201078,2202127,2203676,2203970,2203826,2203826,2202739,2202871,2204225,2204482,2204482,2205736,2206258,2206322,2206129,2205987,2205987,2206050,2206059,2206023,2205319,2205319,2203883,2202900,2202955,2203388,2203388,2203757,2203969,2204299,2204776,2204776,2205576,2206319,2206977,2206899,2206899,2205713,2204790,R
2202437,2203124,2203124,2202909,2203708,2204482,2204709,2204709,2205170,2205524,2205928,2204902,2204902,2203228,2201909,2201433,2201926,2201926,2202135,2202615,2203098,2203754,2203754,2203967,2204180,2204845,2204294,2204294,2203259,2200816,2200816,2200656,2200656,2200802,2200698,2200978,2200956,2200956,2201281,2202737,R
2225179,2226333,2226333,2227514,2228947,2229849,2231701,2231701,2232243,2232248,2231688,2232235,2232235,2232521,2232789,2235476,2235036,2235036,2234631,2236686,2237476,2237476,2238412,2238872,2239775,2237827,2237827,2237010,2237217,2236601,2237728,2237728,2238073,2237566,2238629,2240634,2240634,2243871,2244606,2241998,R
2223288,2223996,2224557,2224557,2226139,2229579,2230601,2230601,2228629,2226616,2226021,2226396,2226396,2227535,2228594,2227895,2227796,2227796,2228252,2228730,2229309,2226992,2226992,2223882,2222914,2222939,2222663,2222663,2222687,2223204,2223714,2224111,2224111,2224440,2226430,2226430,2224902,2224902,2223601,2223436,R
2245308,2245393,2246461,2248627,2248627,2248934,2249565,2250847,2251990,2251990,2252889,2254730,2255952,2256653,2256653,2255164,2254659,2254867,2256084,2256084,2257162,2258514,2259406,2260588,2260588,2261155,2262222,2262395,2261693,2261693,2260397,2259681,2259553,2259907,2259907,2260191,2260026,2260437,2260469,2260469,R
2219027,2219771,2218107,2216684,2216684,2215930,2216498,2216757,2217426,2217426,2217639,2218179,2218808,2219464,2219464,2220495,2220782,2220782,2219429,2219429,2218052,2218130,2218127,2218864,2218864,2219008,2219114,2220152,2221176,2221176,2222718,2223990,2224710,2223435,2222364,2222364,2222310,2222660,2223592,2223592,R
2209733,2209664,2209708,2210919,2210919,2212629,2214056,2214772,2216897,2216897,2218951,2220893,2221067,2221423,2221423,2221815,2222274,2223436,2225686,2225686,2225449,2225603,2224866,2225451,2225451,2225827,2226680,2227515,2227911,2227911,2226193,2224619,2224870,2224680,2224680,2225241,2225628,2225167,2225422,2225422,R
2219269,2217208,2217208,2215955,2216177,2216293,2216492,2216492,2216369,2216369,2217149,2217626,2217626,2217422,2217993,2218510,2217065,2217065,2213658,2213658,2213562,2213848,2213848,2213813,2213930,2214537,2214406,2214406,2215330,2216228,2217425,2218463,2218463,2217152,2215200,2213969,2213432,2213432,2213567,2214108,R
2217291,2216692,2218301,2218301,2221483,2220655,2220420,2220674,2220674,2220248,2220253,2222004,2222045,2222045,2224382,2222813,2221198,2219948,2219907,2219907,2219719,2220639,2220188,2220188,2220109,2220860,2220276,2221228,2221228,2221667,2222334,2222257,2220612,2219231,2219231,2218251,2218292,2217911,2217911,2217735,R
2198818,2198818,2199013,2199589,2199517,2200280,2200280,2201427,2202528,2202773,2203181,2203181,2201014,2198446,2197211,2196658,2196658,2196813,2196228,2195980,2195115,2195115,2195196,2196520,2198349,2199699,2200908,2200908,2198127,2196595,2196395,2195700,2195700,2196717,2195293,2195012,2195012,2195038,2194841,2197110,R
2195399,2195399,2195206,2196214,2196524,2196534,2196534,2194985,2193139,2193936,2193657,2193657,2194613,2195092,2194724,2194160,2194160,2194963,2195182,2195458,2195911,2195911,2194878,2192394,2190505,2190586,2190586,2191003,2192211,2193110,2193039,2193039,2194286,2194329,2194913,2196159,2196159,2196859,2197331,2196118,R
2205432,2205432,2203606,2200719,2199377,2198462,2198462,2196095,2194962,2196167,2196162,2196162,2196822,2197352,2198005,2198273,2198273,2198476,2197550,2196581,2197284,2196486,2196486,2196883,2197654,2197481,2197481,2197531,2198833,2199724,2200731,2200731,2201423,2201282,2199853,2199814,2199814,2200228,2201024,2201378,R
2237473,2237929,2237929,2238696,2238749,2238832,2238116,2238116,2239429,2240735,2241700,2242381,2242381,2240198,2238315,2236888,2236933,2236933,2237261,2236928,2236561,2236635,2236635,2237239,2238145,2238386,2238386,2239275,2238375,2236200,2234394,2234394,2233193,2233109,2232697,2232019,2232019,2232327,2231896,2232190,R
2221657,2221657,2222897,2222730,2221658,2221966,2221966,2222515,2222866,2223244,2223169,2223169,2223234,2224338,2224482,2224837,2224837,2225615,2226225,2225675,2224133,2224133,2223618,2223628,2224150,2224624,2224624,2224845,2224903,2225424,2226331,2226331,2226947,2227884,2228173,2227721,2227721,2226367,2225712,2224874,R
2209487,2207623,2207623,2206197,2205681,2206408,2206506,2206506,2206444,2206180,2206347,2207087,2207087,2208287,2208863,2208992,2208992,2208864,2207103,2205742,2205226,2205226,2205585,2206268,2206531,2206277,2206277,2206945,2207596,2207898,2208338,2208338,2208713,2208175,2204882,2204882,2204882,2204603,2205070,2206389,R
2208222,2208222,2208393,2208280,2208556,2208961,2208961,2209529,2210452,2210951,2211808,2211808,2210973,2209092,2208152,2207915,2207915,2208270,2208665,2208523,2208287,2208287,2208583,2209356,2209772,2210722,2210722,2210849,2209937,2207979,2206987,2206987,2206596,2206346,2205842,2206100,2206100,2205910,2206320,2206237,R
2201607,2201146,2200257,2200257,2201523,2203119,2205585,2206944,2206944,2208693,2210104,2211445,2213801,2213801,2215556,2217003,2216847,2215707,2215707,2214797,2214756,2215300,2215710,2215710,2216332,2216206,2216803,2217048,2217048,2217460,2218651,2219854,2219985,2219985,2218751,2217576,2217118,2216966,2216966,2217084,R
2219184,2217424,2217424,2216633,2216623,2216581,2217001,2217001,2216878,2216408,2217008,2217469,2217469,2218703,2218833,2219599,2218422,2218422,2216209,2215346,2215125,2215465,2215465,2215621,2215833,2215984,2216398,2216398,2217004,2218021,2218364,2218373,2218373,2217274,2215705,2214967,2215348,2215348,2215860,2216327,R
2212979,2212979,2213458,2213735,2214531,2215159,2215159,2215536,2214734,2212853,2211546,2211546,2211517,2211765,2212047,2211971,2211971,2211829,2212652,2212837,2213511,2213511,2214325,2214405,2212982,2210964,2210964,2209937,2210068,2210255,2210369,2210369,2210310,2210679,2210675,2211688,2211688,2212430,2213092,2212554,R
2212402,2212879,2213658,2213821,2213821,2214001,2214589,2214961,2215975,2215975,2216998,2217955,2218432,2217503,2217503,2215810,2215326,2215389,2215938,2215938,2215960,2215826,2215921,2216632,2216632,2216724,2217687,2218539,2218018,2218018,2216765,2215074,2215204,2215018,2215018,2215427,2215993,2215726,2215976,2215976,R
2216963,2217300,2217300,2217934,2218785,2218833,2218504,2218504,2216860,2215123,2214797,2215389,2215389,2215634,2215969,2215802,2216318,2216318,2216785,2217730,2218835,2218869,2218869,2217661,2216376,2215523,2215059,2215059,2215958,2215823,2216253,2216565,2216565,2216680,2217751,2218694,2219416,2219416,2218964,2217676,R
2219797,2220160,2220857,2221324,2222389,2222389,2223092,2224019,2224073,2222565,2222565,2221950,2221440,2221968,2221956,2221956,2222013,2221780,2222096,2222631,2222631,2223584,2224823,2225276,2224174,2224174,2223062,2222426,2222431,2222928,2222928,2222825,2223088,2223566,2224002,2224002,2225405,2226017,2226532,2225972,R
2222895,2224017,2226020,2226461,2226461,2228550,2229400,2229524,2227888,2227888,2226963,2226625,2227649,2228356,2228356,2229128,2230038,2230958,2232394,2232394,2232530,2232657,2232122,2231347,2231347,2231048,2231889,2232220,2232629,2232629,2232860,2233267,2233640,2234771,2234771,2234503,2233823,2232859,2232847,2232847,R
2245099,2245292,2245160,2246137,2246191,2246191,2246190,2245458,2244647,2243872,2243872,2244504,2244607,2245289,2244919,2244919,2246345,2246345,2246561,2246561,2246487,2244855,2243677,2243475,2243475,2243585,2243742,2244447,2244418,2244418,2244990,2245388,2246257,2246170,2246170,2245150,2244059,2243039,2243764,2243764,R
2240616,2240616,2238846,2235793,2235793,2235793,2237227,2237227,2237729,2238059,2238379,2238379,2238775,2240084,2240084,2237934,2237934,2236440,2235842,2235998,2235998,2236440,2236881,2237036,2236028,2236028,2236932,2237931,2238578,2237714,2237714,2236131,2235655,2235196,2236400,2236400,2236548,2237116,2236947,2237499,R
2225011,2225249,2226532,2227635,2226372,2226372,2224346,2223705,2223633,2224057,2224057,2224586,2224176,2224373,2225064,2225064,2225352,2225655,2224767,2222955,2222955,2220907,2220837,2220657,2221483,2221483,2221866,2221263,2220710,2221416,2221416,2221632,2221017,2218893,2216542,2216542,2216129,2216129,2216608,2216305,R
2212268,2209857,2204102,2203365,2204199,2204199,2206189,2209202,2211283,2211476,2211476,2211236,2211082,2210538,2208505,2208505,2205418,2202774,2201215,2201419,2201419,2201935,2201764,2201212,2200807,2200807,2200334,2199765,2198400,2195642,2195642,2192878,2191225,2190488,2189739,2189739,2188841,2187451,2186404,2185479,R
2229641,2230224,2230622,2230622,2230811,2231474,2232090,2232719,2232719,2232804,2231689,2230789,2229438,2229438,2229712,2229744,2230128,2230110,2230110,2230348,2231336,2232015,2232646,2232646,2232889,2231802,2230952,2230619,2230619,2230789,2231421,2231617,2231934,2231934,2232156,2232588,2233352,2234023,2233670,2233670,R
2229970,2228661,2227715,2226066,2226066,2224370,2220799,2223301,2222520,2222520,2225427,2227769,2230556,2232726,2232726,2233901,2235521,2235571,2235072,2235072,2237716,2238183,2237932,2239082,2239082,2239891,2240244,2241442,2243459,2243459,2243091,2242371,2241497,2242046,2242046,2242459,2242681,2242275,2242322,2242322,R
2231989,2231854,2231248,2230685,2230685,2231718,2232552,2231194,2229609,2229609,2228760,2228712,2228799,2228980,2228980,2228876,2228906,2229045,2229397,2229397,2229950,2229932,2229171,2227080,2227080,2225298,2224182,2223731,2223651,2223651,2223013,2222701,2222863,2222787,2222787,2223154,2223776,2223465,2222055,2222055,R
2215248,2217532,2218506,2219244,2219244,2218951,2217342,2216862,2216427,2216427,2214743,2214791,2215071,2214997,2214997,2215770,2216057,2216365,2216352,2216352,2214798,2212559,2210326,2209099,2209099,2208215,2207437,2206682,2206168,2206168,2205879,2205968,2206146,2205169,2205169,2203166,2201126,2199599,2199599,2199599,R
2180137,2179968,2179968,2179805,2179490,2178992,2178992,2178625,2178434,2178541,2179012,2179012,2179383,2179733,2178709,2177061,2177061,2175988,2175552,2175897,2176113,2176113,2176578,2177107,2177107,2177999,2178698,2178698,2179537,2180311,2180607,2180607,2179711,2178547,2178354,2178920,2178920,2179860,2180552,2181060,R
2235187,2234465,2234465,2234832,2234832,2235761,2235761,2236494,2237545,2238747,2239342,2239342,2240047,2241082,2241856,2241831,2240662,2240662,2240076,2240053,2240418,2240971,2240971,2241334,2241660,2241793,2242177,2242177,2242785,2243643,2243204,2241838,2241838,2240614,2240288,2240560,2241217,2241217,2241606,2241606,R
2230238,2231976,2233851,2233883,2233883,2234217,2234061,2234985,2236522,2236734,2236734,2236819,2236206,2236605,2237486,2237486,2238208,2238485,2237752,2237752,2236877,2236385,2237019,2237312,2237312,2238010,2237898,2238372,2239009,2239009,2239324,2240086,2239587,2237903,2237903,2237235,2236775,2237083,2237195,2237369,R
2220011,2221338,2221862,2220621,2219851,2219851,2219814,2220681,2221955,2221955,2222456,2223709,2223859,2224710,2224710,2226291,2227025,2226531,2224647,2224647,2223852,2224421,2224904,2225229,2225229,2225930,2225902,2226431,2227290,2227290,2228459,2229175,2228145,2226657,2226657,2225432,2225476,2226144,2226824,2226824,R
2246728,2246728,2245686,2244741,2243136,2242459,2242459,2241267,2237943,2233837,2230865,2230865,2233404,2233176,2232198,2232306,2232306,2234208,2235210,2235321,2235570,2235570,2235591,2233406,2232066,2230568,2230568,2230311,2229922,2229704,2228668,2228668,2227978,2228440,2228223,2228860,2228860,2228055,2226751,2225481,R
2211610,2211610,2210228,2209470,2208652,2209485,2209485,2212135,2212913,2212544,2212109,2212109,2211729,2211311,2210977,2210281,2210281,2207389,2204030,2201376,2199979,2199979,2198825,2197588,2196017,2194745,2194745,2194124,2193624,2193584,2192300,2192300,2189713,2186867,2185494,2185061,2185061,2184949,2185060,2184872,R
2185990,2187937,2187937,2193098,2196880,2199170,2199519,2199519,2199967,2199981,2198258,2193748,2193748,2188637,2187315,2190473,2193099,2193099,2194465,2195942,2197610,2200250,2200250,2202276,2203206,2203087,2202251,2202251,2203007,2204221,2205597,2205933,2205933,2206020,2208221,2208221,2209071,2209071,2209224,2208611,R
2205687,2203560,2200899,2201518,2201393,2201393,2200066,2200066,2201360,2203795,2203795,2206150,2208758,2210805,2211879,2211879,2209783,2209783,2209289,2210190,2210190,2210340,2210311,2210632,2211049,2211049,2212203,2213324,2214159,2213763,2213763,2211940,2210869,2210769,2211067,2211067,2211257,2211829,2211835,2212431,R
2230538,2231155,2231822,2231591,2229973,2229973,2228731,2228089,2227969,2228061,2228061,2228045,2228180,2228463,2228801,2228801,2229668,2230381,2230356,2228929,2228929,2227843,2227513,2227663,2228069,2228069,2228342,2228704,2229167,2229798,2229798,2231771,2231771,2231374,2230005,2230005,2228626,2228626,2228933,2229425,R
2223681,2224679,2224396,2225761,2228087,2228087,2229656,2231404,2231022,2229602,2229931,2229931,2231338,2232061,2232348,2232348,2232680,2233067,2233626,2234939,2234939,2236028,2236374,2235125,2233299,2233299,2232601,2232685,2234003,2234003,2234082,2234406,2235750,2235750,2235750,2236310,2236827,2234836,2233918,2233918,R
2233509,2232806,2232412,2232412,2232838,2233622,2233740,2234281,2234281,2234338,2233223,2233801,2234522,2234522,2234208,2232282,2231354,2231099,2231099,2231883,2232742,2233252,2233877,2233877,2234111,2235055,2235660,2235660,2236423,2234880,2232899,2232356,2232356,2232355,2232836,2233108,2233560,2233560,2233417,2233709,R
2220072,2220072,2218413,2219236,2219236,2219622,2219622,2219681,2220333,2220764,2221016,2221016,2221983,2223264,2223962,2222741,2222741,2221825,2220891,2221465,2222328,2222328,2222852,2223579,2223898,2224416,2224416,2225454,2226278,2226422,2226422,2225117,2224016,2223592,2223987,2223987,2224462,2224977,2225470,2225648,R
2214768,2214875,2214961,2214961,2216261,2217822,2217954,2219585,2219585,2220143,2221651,2222953,2225055,2225055,2226555,2227141,2225431,2224449,2224449,2224705,2224216,2223931,2225273,2225273,2225857,2225905,2226626,2226876,2226876,2226053,2224247,2223204,2223204,2223204,2224114,2224340,2224770,2226122,2225433,2225433,R
2209927,2211475,2210937,2212202,2213134,2214033,2214033,2215589,2216633,2217970,2217970,2219991,2219196,2217332,2215793,2215793,2215533,2216404,2217144,2217866,2217866,2217932,2218802,2219764,2221586,2222928,2222928,2222576,2220414,2219194,2219473,2219473,2220868,2221854,2222072,2223080,2223080,2223160,2224028,2224799,R
2210309,2210960,2211135,2212446,2212718,2213655,2214108,2214316,2211925,2210736,2209974,2210431,2211298,2211483,2211532,2212588,2212955,2214525,2214525,2214133,2213408,2210864,2209508,2209487,2210395,2211549,2212065,2213050,2213275,2214337,2215392,2216327,2215664,2214374,2213929,2213780,2214626,2214755,2215296,2215617,R
2217804,2215961,2214581,2215528,2215759,2216831,2217485,2218978,2219744,2221757,2223264,2224234,2223731,2223138,2222713,2223099,2224561,2225065,2225911,2226638,2227459,2228815,2230557,2230847,2230378,2228791,2228427,2227942,2228608,2228962,2229398,2230628,2231161,2232149,2233519,2233875,2232993,2231389,2231182,2231571,R
2216902,2218662,2219553,2223326,2225168,2227501,2226717,2226071,2226374,2227181,2228445,2228732,2230329,2231076,2232189,2233567,2234293,2235007,2233827,2232475,2231916,2232419,2233233,2233638,2233898,2234336,2235093,2236471,2237440,2237146,2235903,2234017,2233447,2233702,2234009,2234371,2234203,2234326,2234910,2235628,R
2227989,2229151,2227678,2226517,2226254,2226847,2228450,2228369,2228626,2228935,2229630,2230651,2230945,2230516,2228469,2227189,2226400,2226400,2226548,2226767,2226868,2227376,2228203,2228827,2229396,2227662,2225793,2224800,2224833,2225162,2225558,2225423,2225360,2226031,2227131,2227958,2227735,2225880,2224265,2223631,R
2219338,2219694,2220385,2220928,2221206,2221634,2222534,2223227,2224418,2224807,2223391,2221420,2220564,2220807,2221278,2221624,2222106,2222612,2223452,2224302,2225245,2224967,2223453,2221876,2221602,2222353,2222692,2222878,2223286,2223589,2224833,2226044,2226684,2226042,2224114,2222931,2222661,2223247,2223767,2224261,R
2205214,2205855,2206528,2208758,2209678,2212308,2212588,2211998,2211629,2212235,2213550,2214762,2215094,2215945,2216576,2218189,2219540,2219427,2217874,2215993,2215690,2215508,2215969,2216431,2216639,2216393,2216792,2217971,2218541,2218684,2218089,2217614,2218180,2218927,2219675,2220231,2221578,2221800,2222471,2223604,R
2216389,2215716,2215435,2216313,2217156,2218001,2219285,2218750,2219695,2220857,2222413,2223084,2223278,2222221,2221457,2221595,2222977,2223396,2223943,2224066,2224371,2225292,2226610,2227133,2226958,2225151,2224141,2224081,2224645,2225214,2225272,2225306,2225632,2225772,2226464,2227051,2227560,2225625,2224045,2223344,R
2200465,2196924,2193504,2192401,2192261,2192564,2193459,2194565,2194540,2195054,2195746,2197042,2197042,2197888,2196631,2194083,2192896,2192896,2192899,2192621,2192547,2192179,2192179,2192569,2192514,2192936,2193946,2193946,2194374,2192947,2190509,2188286,2188286,2189825,2191647,2193927,2195472,2195472,2196145,2197986,R
2191208,2192256,2192256,2194413,2196035,2198494,2200539,2200539,2202362,2202952,2201824,2201382,2201382,2203415,2203415,2203959,2204705,2204705,2205922,2207009,2208297,2210276,2210276,2211383,2210715,2209596,2208411,2208411,2208281,2209486,2210619,2210956,2210956,2211140,2211890,2212822,2214384,2214384,2215339,2215046,R
2203472,2205903,2207676,2207342,2206267,2206267,2206105,2206749,2208521,2209644,2209644,2210274,2211298,2212662,2214062,2214062,2215638,2216404,2215862,2214965,2214965,2214175,2215108,2215684,2216289,2216289,2216845,2217409,2218461,2219748,2219748,2220849,2221600,2220793,2218688,2218688,2217992,2217402,2217740,2217896,R
2208000,2204491,2205582,2205582,2208429,2209849,2211484,2211484,2213288,2215000,2215499,2213856,2213856,2211954,2210855,2209655,2209460,2209460,2209121,2209352,2209286,2209367,2209367,2209668,2209581,2207839,2205264,2205264,2203481,2201699,2199567,2201653,2201653,2201205,2205011,2205609,2208632,2208632,2211359,2209919,R
2207119,2207375,2207375,2207567,2205711,2202699,2200971,2200971,2200171,2200314,2200710,2200879,2200879,2201386,2201657,2202672,2203452,2203452,2202429,2200126,2199009,2198961,2198961,2199979,2201220,2202192,2203086,2203086,2204261,2205735,2207093,2206830,2206830,2204700,2203302,2202910,2203634,2203634,2204798,2205880,R
2226518,2225280,2225640,2224792,2222562,2222562,2222573,2222483,2223733,2226147,2226147,2226968,2226998,2226998,2226998,2226998,2228424,2230158,2232968,2232968,2232968,2233951,2235254,2235415,2235159,2235159,2233287,2232186,2231533,2232517,2232517,2233501,2234651,2235161,2236416,2236416,2237133,2238950,2238481,2236937,R
2203573,2204734,2205932,2205932,2207409,2207918,2204914,2203349,2203349,2201811,2201503,2203163,2202943,2202943,2203601,2204132,2205014,2206145,2206145,2205695,2203165,2200461,2199032,2199032,2199425,2200102,2200645,2200834,2200834,2201079,2202577,2203386,2203230,2203230,2201017,2197743,2196317,2196317,2196317,2196916,R
2196421,2196421,2196051,2194703,2194206,2194615,2194615,2195601,2196904,2198461,2199962,2199962,2200758,2202616,2204501,2206995,2206995,2207375,2206178,2204839,2204616,2204616,2205511,2206741,2207312,2208211,2208211,2209116,2210765,2212146,2213479,2213479,2214805,2214653,2212732,2211227,2211227,2210639,2211437,2212979,R
2208175,2208175,2210276,2212444,2214668,2213648,2213648,2211873,2208878,2208107,2207517,2207517,2207134,2206163,2206163,2207060,2207060,2207112,2207417,2207519,2208459,2208459,2207531,2205537,2203819,2203717,2203717,2203243,2203294,2203650,2204079,2204079,2204295,2204886,2206160,2207538,2207538,2207168,2204627,2202378,R
2197048,2197566,2198296,2200657,2200657,2203006,2203517,2201596,2200181,2200181,2200506,2200506,2201626,2202914,2202914,2204941,2204941,2205794,2207343,2207343,2209266,2210311,2209320,2206776,2206776,2205618,2205971,2206521,2207744,2207744,2208247,2209085,2209822,2210557,2210557,2212323,2214575,2214575,2214575,2213463,R
2205918,2206934,2207997,2209393,2209393,2210366,2211435,2212432,2211666,2211666,2209371,2206927,2206061,2206437,2206437,2205839,2205697,2205697,2205964,2205964,2206748,2206769,2207742,2206405,2206405,2204257,2202115,2201277,2200971,2200971,2202077,2202198,2202585,2203344,2203344,2204203,2205376,2206692,2207207,2205361,R
2218865,2218865,2219624,2218867,2216921,2214841,2214841,2214897,2215345,2216068,2215294,2215294,2214963,2214587,2214798,2214441,2214441,2213984,2213014,2210985,2206882,2206882,2206359,2206717,2207799,2209156,2209156,2210343,2212367,2213680,2216193,2216193,2218096,2219883,2219208,2217897,2217897,2217894,2218398,2219046,R
2223256,2221942,2221715,2221512,2221512,2221736,2222025,2222228,2223061,2223061,2223879,2224829,2224672,2223139,2223139,2220940,2219749,2219339,2219804,2219804,2220228,2220599,2221028,2221694,2221694,2222468,2223577,2223922,2222747,2222747,2220357,2218915,2218374,2218645,2218645,2219017,2219292,2219697,2220277,2220277,R
2222646,2223570,2223570,2221139,2220113,2218990,2219290,2219290,2220212,2219698,2220040,2220112,2220112,2220138,2220633,2221547,2220516,2220516,2218191,2215688,2214286,2214256,2214256,2214156,2214319,2214116,2214093,2214093,2215094,2215691,2216630,2216638,2216638,2214593,2212352,2211567,2212221,2212221,2213257,2214011,R
2246811,2247112,2248627,2250042,2250042,2249289,2246357,2246357,2244935,2244935,2244556,2244937,2243714,2242579,2242579,2242565,2244441,2244441,2245441,2245441,2245063,2241262,2241262,2240088,2240088,2240950,2240915,2240320,2240720,2240720,2240031,2240235,2240316,2240464,2240464,2240208,2237075,2234147,2233486,2233486,R
2219375,2218648,2218648,2219920,2220536,2222488,2223648,2223648,2225183,2226723,2227146,2228114,2228114,2228836,2228835,2227957,2226634,2226634,2226443,2227299,2228132,2229226,2229226,2229735,2229928,2230783,2231938,2231938,2232653,2232644,2231313,2230434,2230434,2230125,2230428,2231310,2232314,2232314,2232830,2233364,R
2247308,2247527,2248024,2248374,2248374,2249948,2250549,2251214,2250254,2250254,2249541,2248675,2248736,2249106,2249106,2249516,2250063,2249809,2249809,2250550,2251312,2251264,2252119,2252119,2252924,2252903,2251365,2249581,2248855,2248855,2249030,2248888,2249120,2249374,2249374,2249519,2249992,2250663,2251439,2251439,R
2235064,2235064,2235538,2236435,2237154,2238283,2238283,2239253,2240751,2239944,2238288,2238288,2236897,2236260,2236071,2236589,2236589,2236916,2237282,2237791,2238595,2238595,2239347,2240266,2241118,2241862,2241862,2240938,2238996,2237184,2236735,2236735,2236839,2237409,2238696,2238300,2238300,2238666,2239044,2239486,R
2230495,2230024,2230480,2230984,2230984,2231691,2232979,2232979,2233951,2233951,2234978,2236154,2237152,2238483,2238483,2238180,2236780,2235398,2234515,2234515,2234666,2235134,2235183,2235291,2235291,2235343,2235975,2236607,2237696,2237696,2238496,2239141,2238448,2236574,2236574,2235053,2234276,2234037,2234037,2234037,R
2231423,2231070,2230724,2230724,2230550,2231125,2232062,2232788,2232788,2233517,2233796,2234426,2235074,2235074,2236174,2237332,2238152,2238145,2238145,2236602,2235068,2234589,2234589,2234589,2234906,2235067,2235454,2235775,2235775,2236465,2237231,2238027,2239046,2239046,2239464,2238560,2236744,2235709,2235709,2235840,R
2226730,2226730,2227758,2228083,2228820,2230354,2230354,2230780,2232229,2231859,2230132,2230132,2228096,2226670,2226364,2226583,2226489,2226489,2226860,2226970,2227735,2227735,2228345,2229095,2229995,2230331,2230331,2228893,2226985,2225099,2224743,2224743,2224947,2224905,2225618,2225858,2225858,2226209,2226915,2227961,R
2224739,2224629,2225062,2225062,2224218,2224495,2223926,2219931,2219931,2218421,2217101,2216074,2216365,2216365,2216446,2216706,2216867,2217309,2217309,2218431,2219615,2220067,2218980,2218980,2217033,2216115,2215633,2215968,2215968,2216214,2216442,2216847,2217465,2217465,2218438,2219444,2220558,2220357,2220357,2219060,R
2220748,2220087,2219010,2219010,2218377,2217201,2216505,2215782,2215782,2214971,2214206,2212425,2209028,2209028,2206195,2204512,2203355,2202422,2202422,2201501,2200287,2199539,2199134,2199134,2199024,2198998,2198646,2196888,2196888,2194353,2191987,2191200,2190500,2190500,2190279,2189675,2189463,2189222,2189222,2189370,R
2219476,2218640,2218640,2217081,2217153,2217169,2217169,2218165,2219452,2220503,2220769,2220769,2221406,2221376,2221635,2222657,2222657,2222301,2220866,2220400,2220258,2220258,2220849,2221453,2222100,2222057,2222057,2222589,2223627,2224461,2225639,2225639,2225865,2224871,2223500,2222756,2222756,2223022,2223414,2223901,R
2230810,2230539,2230541,2230541,2229927,2227683,2224413,2222066,2222066,2220460,2219596,2218814,2217873,2217873,2216871,2216146,2215789,2215434,2215361,2215361,2215370,2213997,2211046,2211046,2208839,2207871,2207636,2207720,2207720,2207658,2207543,2207770,2208351,2208351,2208990,2209952,2211048,2211277,2211277,2210016,R
2223579,2224677,2224265,2224613,2224613,2224304,2222361,2220234,2218871,2218871,2218545,2218645,2218761,2218714,2218714,2218920,2219717,2219717,2220424,2220424,2221202,2221016,2219314,2217504,2217504,2216444,2216069,2216093,2216308,2216308,2216372,2216731,2217331,2217831,2217831,2218732,2219560,2219554,2218052,2218052,R
2205450,2204603,2203339,2203926,2203926,2204358,2204950,2205496,2206078,2206078,2206905,2208172,2209042,2208758,2208758,2206786,2204975,2204337,2204773,2204773,2205380,2205849,2206013,2206611,2206611,2207406,2208337,2209568,2209836,2209836,2209225,2207201,2205478,2204848,2204848,2204965,2205399,2205912,2206150,2206150,R
2220394,2219275,2216548,2213990,2213990,2212611,2211763,2211235,2210991,2210991,2210146,2209415,2208997,2208539,2208539,2208041,2207007,2204419,2201578,2201578,2199954,2198570,2197241,2195971,2195971,2195025,2194157,2193528,2193162,2193162,2192734,2192601,2191960,2189761,2189761,2187291,2185689,2184797,2184570,2184570,R
2207679,2207635,2207635,2207033,2206823,2206429,2206735,2206735,2207329,2207924,2208078,2206718,2206718,2205095,2203885,2203540,2203734,2203734,2203961,2203990,2204128,2204534,2204534,2205338,2206044,2206590,2206149,2206149,2204688,2203268,2202562,2202968,2202968,2203364,2203986,2204348,2204983,2204983,2205947,2206775,R
2220089,2218876,2218978,2218509,2218509,2216412,2214466,2212790,2211802,2211802,2211297,2210979,2210904,2210876,2210876,2210957,2212098,2213190,2213259,2213259,2211583,2209738,2209066,2208642,2208642,2208718,2208473,2208523,2208649,2208649,2209074,2209720,2210668,2211265,2211265,2211091,2209073,2207264,2207060,2207060,R
2219210,2219856,2219856,2220029,2221051,2222293,2223409,2223409,2224722,2225239,2224194,2222391,2222391,2221819,2221786,2222423,2223021,2223021,2223329,2223655,2224342,2225219,2225219,2226197,2227196,2226972,2226972,2225283,2223917,2223116,2223042,2223042,2223324,2223298,2223140,2223206,2223206,2223192,2223811,2224088,R
2200357,2197530,2195873,2195064,2195064,2195550,2196509,2197661,2198864,2198864,2199870,2201493,2203000,2204271,2204271,2203924,2202778,2202562,2202658,2202658,2203413,2204376,2205244,2205878,2205878,2206813,2207950,2209263,2209911,2209911,2209446,2208788,2208439,2208825,2208825,2209868,2210784,2211514,2212352,2212352,R
2223660,2222761,2222761,2223010,2223727,2224470,2225395,2225395,2225540,2226728,2227678,2228553,2228553,2228999,2227944,2226372,2225281,2225281,2225032,2225416,2226213,2226333,2226333,2227304,2227304,2227978,2228179,2228179,2228800,2227967,2225764,2225764,2223909,2223053,2222861,2223018,2223018,2222988,2222292,2221526,R
2210036,2207632,2206195,2205577,2205577,2205200,2204982,2204221,2203688,2203688,2203394,2203367,2203536,2203649,2203649,2202766,2200406,2198171,2197055,2197055,2196528,2196339,2196197,2196034,2196034,2195988,2196124,2196849,2197308,2197308,2197354,2196090,2194103,2192753,2192753,2192610,2192886,2193167,2193491,2193491,R
2212157,2211943,2210264,2210039,2210039,2209723,2208622,2207641,2208133,2208133,2206308,2204933,2204875,2204823,2204823,2204084,2204518,2206539,2206958,2206958,2206574,2207133,2207165,2205716,2205716,2204773,2203138,2203025,2203266,2203266,2204760,2205456,2205694,2205694,2205195,2205418,2205628,2204145,2204145,2203713,R
2224581,2224629,2224752,2224752,2225129,2225112,2224099,2222671,2222671,2221642,2221575,2222506,2222906,2222906,2222461,2222534,2222696,2223004,2223004,2223494,2222909,2220323,2217742,2217742,2216857,2215882,2216356,2216387,2216387,2216738,2216940,2216757,2217144,2217144,2217396,2215993,2214793,2214371,2214371,2213988,R
2226636,2226636,2227518,2228157,2228635,2229103,2229103,2229394,2229670,2229670,2229708,2229708,2229651,2229362,2228057,2226165,2226165,2225027,2224475,2224427,2223979,2223979,2222932,2222277,2221423,2221387,2221387,2221414,2220697,2218609,2216127,2216127,2214758,2213996,2213861,2213254,2212096,2212096,2211447,2210897,R
2216395,2216516,2215626,2216238,2216238,2218117,2220849,2220849,2219999,2219999,2219355,2218195,2215818,2214635,2214635,2213668,2212948,2212948,2213094,2213094,2213128,2214595,2214595,2214854,2214854,2214003,2213117,2213442,2213571,2213571,2214264,2214273,2214722,2215424,2215424,2216696,2218087,2218959,2217432,2217432,R
2206686,2206744,2207574,2209071,2209071,2209937,2210857,2212002,2212389,2212389,2212803,2212654,2210994,2209204,2209204,2207547,2207142,2207491,2207560,2207560,2207205,2207415,2206465,2204468,2204468,2206245,2207301,2206174,2206418,2206418,2207511,2208721,2210526,2211177,2211177,2211981,2212997,2213958,2214830,2214806,R
2212201,2213486,2213486,2214721,2215416,2217156,2218255,2218255,2218578,2217558,2215425,2213208,2213208,2212637,2212882,2212842,2213196,2213196,2213681,2213841,2214516,2215086,2215086,2216489,2217301,2215869,2215869,2213773,2212850,2212869,2213608,2213608,2214099,2213701,2214526,2214861,2214861,2215669,2216891,2217166,R
2206177,2206851,2206851,2207523,2208331,2209788,2210243,2210243,2209428,2207652,2206542,2206392,2206392,2207236,2207236,2207673,2207862,2207862,2207937,2208663,2209163,2209334,2209334,2207751,2204983,2202979,2202720,2202720,2203322,2203743,2203352,2203083,2203083,2203628,2204242,2205066,2205046,2205046,2202480,2199809,R
2175971,2175960,2175960,2177304,2177304,2178109,2178246,2178246,2175519,2173934,2173962,2173854,2173854,2174407,2175126,2175298,2175375,2175375,2175836,2176548,2177776,2176558,2176558,2174652,2172806,2173130,2174562,2174562,2175542,2176085,2175794,2175697,2175697,2177068,2179547,2179547,2179051,2179051,2176757,2174928,R
2176625,2177740,2178278,2179366,2179366,2180725,2181623,2181481,2178555,2176765,2176765,2176332,2176628,2179743,2179743,2179743,2179983,2180414,2181558,2181875,2181875,2182698,2182961,2178543,2178543,2178543,2176574,2176239,2176779,2177141,2177141,2177632,2177874,2178685,2179550,2179550,2180461,2181681,2181169,2179427,R
2174524,2173532,2173532,2174138,2176529,2176289,2175415,2175415,2174989,2175036,2175505,2175341,2175341,2175931,2174800,2171793,2169485,2169485,2169324,2168899,2168833,2168842,2168842,2167972,2167557,2167591,2167763,2167763,2167939,2167891,2166393,2164704,2164704,2164467,2165491,2167094,2168429,2168429,2169499,2170876,R
2187213,2187725,2187863,2187863,2188760,2190034,2189835,2186942,2186942,2184022,2182847,2182531,2182820,2182820,2183162,2182865,2183047,2182919,2182919,2182913,2182491,2182346,2183264,2183264,2182928,2183270,2186837,2186837,2186837,2187910,2188530,2188171,2188249,2188249,2189091,2191229,2192378,2191463,2191463,2189039,R
2205079,2205079,2206400,2206947,2205595,2205080,2205080,2204889,2205247,2205881,2206178,2206178,2206485,2206757,2207541,2207541,2208289,2209525,2209437,2208102,2208102,2206241,2205833,2206397,2206699,2207263,2207263,2207184,2207710,2208038,2208038,2209198,2210815,2209955,2208237,2208237,2205828,2204850,2205637,2205911,R
2174378,2174786,2174786,2173370,2171696,2170891,2171077,2171077,2171268,2171270,2170692,2170855,2170855,2170823,2171271,2171107,2171550,2171550,2170157,2168105,2167213,2166463,2166463,2166864,2166926,2166758,2166366,2166366,2166447,2167160,2168554,2168989,2168989,2168208,2166831,2165553,2165239,2165239,2166022,2166444,R
2123239,2124264,2124264,2125294,2125234,2124917,2124718,2124718,2126170,2125070,2125410,2126400,2126400,2129150,2130976,2131932,2133532,2133532,2135478,2137218,2136940,2136544,2136544,2137294,2138706,2140997,2143049,2143049,2144963,2146626,2148290,2149780,2149780,2151628,2153477,2153477,2153263,2153263,2153643,2154483,R
2183349,2184276,2184880,2184880,2184733,2183460,2182453,2182497,2182497,2183274,2183649,2183885,2184885,2184885,2184936,2185421,2186217,2187482,2187482,2187874,2186016,2184271,2183490,2183490,2183204,2183603,2183919,2183977,2183977,2183645,2183698,2184595,2184021,2184021,2184013,2184175,2181051,2178008,2178008,2175874,R
2176564,2177929,2179865,2179865,2181263,2182077,2182819,2182751,2182751,2183581,2183692,2183986,2183314,2183314,2182172,2179184,2178243,2177599,2177599,2177472,2178032,2178569,2179390,2179390,2178682,2179200,2178642,2177617,2177617,2175801,2173497,2172084,2172489,2172489,2172627,2172360,2171646,2171959,2171959,2173558,R
2168369,2168307,2168240,2167210,2167210,2163452,2160191,2157702,2155979,2155979,2154862,2151267,2151267,2150489,2149319,2149319,2149278,2150145,2149209,2149209,2145265,2141973,2139509,2139017,2139017,2140091,2140203,2138905,2139419,2139419,2139330,2140504,2141632,2142306,2142306,2140323,2136920,2135836,2135737,2135737,R
2160610,2160610,2160485,2158978,2155037,2152086,2152086,2150768,2149371,2148360,2146464,2146464,2144580,2143063,2141986,2141468,2141468,2141619,2138821,2135350,2132852,2132852,2132263,2133122,2132119,2131827,2131827,2130986,2132519,2132519,2132519,2132761,2133027,2128271,2128271,2128271,2127380,2127152,2127538,2128431,R
2150678,2150051,2146957,2144666,2144322,2144322,2144240,2145026,2145634,2144953,2144953,2144889,2145652,2147372,2148781,2148781,2150339,2148469,2145866,2144427,2144427,2145112,2146309,2147646,2147852,2147852,2148537,2148537,2149291,2150440,2150440,2151964,2151964,2150041,2147420,2147420,2146075,2146421,2147861,2147631,R
2116181,2118866,2122660,2122286,2122286,2122557,2122557,2122989,2122989,2124568,2125140,2124068,2123376,2123376,2123199,2123109,2123399,2123947,2123947,2123285,2121806,2120248,2119726,2119726,2119352,2118827,2118122,2117673,2117048,2117048,2117189,2117569,2117831,2117831,2117320,2116510,2115958,2116264,2116264,2116869,R
2191458,2191093,2192081,2192081,2192006,2191839,2192489,2193650,2193650,2194124,2194897,2193597,2192152,2192206,2192206,2191747,2191989,2192416,2191669,2191669,2190215,2189947,2189836,2189836,2190730,2192649,2193210,2192864,2192864,2191547,2191818,2192382,2193227,2193227,2193679,2194767,2195265,2196025,2196025,2198080,R
2202744,2206826,2204897,2204897,2202838,2201242,2200285,2200453,2200453,2200582,2200582,2200743,2201137,2201137,2201529,2201801,2202474,2202210,2202210,2198698,2196796,2196107,2195463,2195463,2196093,2194869,2194498,2194736,2194736,2194382,2194213,2194393,2194393,2194393,2191856,2189599,2189546,2189546,2189546,2189521,R
2255718,2256107,2256107,2256263,2256263,2256797,2257029,2257029,2256774,2256774,2257561,2257621,2257873,2256699,2256699,2254948,2253323,2252150,2251806,2251806,2252566,2252410,2252144,2252517,2252517,2252701,2252923,2253556,2253441,2253441,2252128,2250573,2249261,2248824,2248824,2248257,2248269,2247959,2247719,2247719,R
2234044,2235284,2236543,2237700,2237700,2238766,2237835,2237695,2237504,2237504,2238105,2238161,2238598,2238888,2238888,2238533,2238887,2239292,2239958,2239958,2240297,2237254,2237254,2236142,2236142,2236124,2236166,2235906,2235906,2235435,2235727,2235297,2235116,2235116,2235512,2235883,2234685,2233091,2233091,2231620,R
2192270,2191426,2191083,2190264,2189278,2189278,2188872,2188499,2188095,2187879,2187879,2187082,2184631,2181579,2179452,2179452,2178220,2177404,2176119,2176119,2176119,2175734,2175562,2175651,2175969,2175969,2176262,2175376,2173217,2171688,2171688,2171376,2171575,2171848,2171671,2171671,2171811,2172078,2172551,2172957,R
2160594,2160594,2161017,2161059,2160983,2160792,2160792,2160464,2160436,2160701,2161008,2161167,2161167,2160447,2159399,2158749,2158749,2158560,2159013,2159273,2159800,2159800,2159946,2160329,2160780,2161450,2161450,2161943,2161403,2160400,2159459,2159459,2159448,2159935,2160248,2160431,2160431,2160618,2160988,2161353,R
2196075,2196075,2195892,2195556,2196023,2196645,2196645,2196901,2196889,2196830,2196858,2196858,2197095,2197460,2197874,2197986,2197986,2197258,2195567,2194448,2193885,2193849,2193849,2193709,2193514,2193158,2193101,2193101,2192940,2193102,2193170,2193170,2193116,2192357,2190588,2189155,2189155,2188592,2188283,2188101,R
2197026,2197026,2196831,2198080,2198733,2198794,2198794,2199646,2200105,2198943,2196723,2196723,2195534,2195565,2194883,2194137,2194137,2193202,2192607,2192109,2192112,2192112,2192324,2192464,2191988,2190026,2190026,2188473,2187400,2187412,2187096,2187096,2186569,2186421,2186121,2186016,2186016,2186116,2185984,2185970,R
2185671,2187251,2189181,2190498,2190498,2192227,2194545,2196463,2198943,2198943,2199510,2199876,2199365,2198972,2198972,2199806,2200554,2201148,2201220,2201220,2201602,2201796,2202390,2203376,2203245,2203245,2202911,2200930,2198990,2198990,2198345,2198097,2198258,2198764,2198764,2198920,2199247,2199228,2199764,2199764,R
2186840,2187325,2186947,2186099,2186099,2185694,2186499,2186995,2187813,2187813,2188272,2188758,2188932,2189932,2189932,2190689,2190801,2190801,2190801,2188596,2187488,2186587,2186840,2186840,2187865,2187688,2187810,2187021,2187021,2187237,2187598,2187891,2187723,2187723,2186202,2184255,2183539,2182813,2182813,2182687,R
2193308,2193843,2195061,2196285,2196285,2197588,2198310,2198885,2200214,2200214,2201809,2202687,2204228,2202815,2202815,2201828,2200377,2201086,2203032,2203032,2205162,2207268,2209251,2210907,2210907,2212943,2214390,2215833,2216104,2216104,2214743,2213545,2213231,2213118,2213118,2213271,2213191,2213191,2213264,2213264,R
2183752,2183560,2183694,2184303,2184303,2185572,2188032,2187668,2185836,2185836,2182528,2179912,2179221,2178507,2178507,2178654,2177826,2176669,2175538,2175538,2175287,2175506,2174847,2172991,2172991,2171267,2168734,2166278,2166039,2166039,2166637,2166393,2166712,2167219,2167219,2167279,2167384,2168346,2169361,2169361,R
2200382,2200382,2200964,2201611,2202160,2201350,2201350,2199258,2197513,2196979,2196867,2196867,2196511,2196574,2196145,2195986,2196212,2196212,2196579,2197302,2197637,2197637,2196333,2194582,2193391,2192909,2192909,2193619,2193182,2193248,2193443,2193443,2193511,2194160,2195300,2195300,2195300,2194505,2192571,2190910,R
2203686,2203485,2203062,2203177,2204194,2204194,2204136,2204055,2204026,2204784,2204784,2205653,2205479,2204234,2202119,2202119,2201145,2200359,2200607,2200976,2200976,2201288,2201392,2201816,2202877,2202877,2203823,2203909,2203467,2201311,2201311,2199659,2199496,2199490,2199992,2199992,2200178,2200424,2200640,2201103,R
2223753,2225490,2227134,2225699,2226126,2226126,2226822,2226853,2228537,2228956,2228956,2230394,2231293,2232471,2232471,2233644,2233568,2233875,2232745,2232745,2231940,2231224,2231478,2231942,2231942,2232621,2232786,2233249,2233640,2233640,2234839,2235858,2236372,2235787,2234663,2234663,2233770,2234087,2235054,2235770,R
2218847,2218847,2218506,2218357,2218553,2218535,2218535,2218422,2218203,2218434,2218911,2218911,2219802,2218749,2216412,2214119,2214119,2213410,2213150,2213172,2213043,2213043,2212592,2212708,2212994,2213419,2213419,2213938,2213246,2211033,2208856,2208856,2207499,2207279,2207176,2206694,2206694,2206391,2205888,2206459,R
2192204,2193525,2192003,2192003,2194161,2194812,2197736,2200827,2200827,2202275,2203346,2204023,2205484,2205484,2207105,2205831,2202798,2201698,2201698,2201202,2202140,2203111,2202230,2202230,2201477,2200901,2200344,2200352,2200352,2200978,2199241,2196545,2194824,2194824,2193360,2192040,2191669,2191752,2191752,2190840,R
2173379,2173379,2174943,2176986,2179239,2181479,2181479,2183581,2184902,2186273,2186256,2186256,2184102,2182072,2183362,2184310,2184310,2188564,2188664,2192961,2193065,2193065,2196078,2198323,2199898,2196968,2196968,2194558,2189549,2187380,2187707,2187707,2189720,2190792,2192454,2193119,2193119,2194585,2194689,2194315,R
2180890,2180894,2181764,2181764,2180208,2179020,2179221,2181096,2181096,2180872,2181706,2182046,2183744,2183744,2184677,2186874,2187408,2187673,2187673,2184327,2182375,2182017,2181966,2181966,2182145,2180750,2181107,2181037,2181037,2182129,2182723,2182530,2183587,2183587,2180589,2178132,2175895,2176129,2176129,2177062,R
2180802,2179001,2175378,2175378,2173192,2172141,2171992,2172197,2172197,2171495,2170965,2170794,2171843,2171843,2172334,2173500,2174094,2173573,2173573,2170687,2167822,2167353,2167619,2167619,2168108,2168113,2168435,2168311,2168311,2169015,2169690,2171473,2172226,2172226,2172045,2168666,2166321,2164561,2164561,2165040,R
2151820,2154452,2153449,2153424,2153424,2152209,2151266,2151256,2150654,2150654,2150259,2149729,2148356,2145118,2145118,2142813,2142717,2142494,2142167,2142167,2141720,2141473,2142937,2143627,2143627,2145181,2146612,2147523,2147150,2147150,2146155,2145429,2146412,2147324,2147324,2149824,2152705,2151917,2154064,2154064,R
2159920,2156522,2157496,2157496,2160217,2163374,2164641,2165276,2165276,2164543,2164829,2166588,2168399,2168399,2170001,2172246,2173995,2175494,2175494,2177145,2178557,2181138,2181942,2181942,2180319,2179496,2179933,2180449,2180449,2182074,2182113,2182059,2183071,2183071,2183731,2185558,2185862,2186423,2186423,2184061,R
2184235,2184235,2183874,2181019,2178381,2176959,2176959,2176806,2177479,2177787,2178214,2178214,2178144,2178562,2179945,2179875,2179875,2181042,2180361,2177837,2177837,2175265,2173827,2173475,2173499,2173499,2173843,2173713,2173826,2174921,2174921,2175731,2177516,2178332,2179087,2179087,2177855,2174406,2172404,2171835,R
2179792,2179792,2178926,2176489,2174576,2173839,2173839,2174981,2175627,2176095,2176848,2176848,2177280,2178020,2178973,2180435,2180435,2182696,2183632,2182292,2179948,2179948,2178903,2179253,2180218,2180741,2180741,2181266,2182191,2182472,2183464,2183464,2184769,2185694,2186550,2186799,2186799,2184952,2183264,2181670,R
2185143,2185999,2185999,2186825,2186945,2185908,2182997,2182997,2179467,2178039,2176948,2178068,2178068,2178577,2179253,2179624,2179505,2179505,2179820,2181050,2181143,2179936,2179936,2178656,2176135,2174941,2173687,2173687,2173321,2173959,2174825,2176066,2176066,2177812,2179714,2181042,2183147,2183147,2184557,2183974,R
2184507,2184507,2184552,2185016,2185065,2184748,2184748,2185691,2186023,2186608,2187445,2187445,2184887,2181707,2180549,2179897,2179897,2180280,2180571,2180378,2180611,2180611,2181028,2181596,2183223,2184220,2184220,2183125,2180866,2178816,2178103,2178103,2179173,2179261,2179312,2178904,2178904,2178494,2179317,2180498,R
2178800,2179409,2178357,2174728,2174728,2172437,2172052,2171830,2173309,2173309,2175432,2178461,2178832,2177796,2177796,2176682,2175528,2174648,2173526,2173526,2171565,2168459,2160004,2159124,2159124,2160996,2161335,2163673,2165377,2165377,2166957,2169770,2171324,2172017,2172017,2173818,2174901,2176932,2175565,2175565,R
2180529,2180529,2181462,2181616,2180972,2181171,2181171,2182001,2182277,2183103,2183775,2183775,2181643,2180450,2179271,2178959,2178959,2179505,2179129,2178318,2178318,2178233,2177943,2178448,2179245,2179245,2179058,2179241,2177834,2175805,2175805,2174419,2173640,2173778,2173129,2173129,2172933,2173252,2173708,2174039,R
2175439,2175439,2174895,2173528,2171438,2169909,2169909,2169991,2169911,2170385,2171149,2171149,2171453,2170406,2170651,2170260,2170260,2169893,2169191,2168178,2165718,2165718,2161699,2158022,2155264,2155685,2155685,2155569,2155028,2153584,2152324,2152324,2152195,2152119,2151724,2150872,2150872,2149601,2146459,2142846,R
2130444,2131483,2131488,2129977,2129977,2128485,2127919,2128202,2128779,2128779,2128974,2129081,2129371,2129662,2129662,2130145,2130925,2131427,2130929,2130929,2129111,2127793,2127434,2128313,2128313,2129105,2129566,2129802,2130325,2130325,2131068,2132008,2132819,2133423,2133423,2132569,2130523,2129088,2128779,2128779,R
2132791,2132840,2131481,2131481,2130527,2130309,2130836,2131780,2131780,2132619,2132957,2133054,2132676,2132676,2131508,2132379,2133841,2136042,2136042,2137026,2136195,2135630,2136680,2136680,2138030,2139541,2140021,2139999,2139999,2139938,2140164,2140260,2140990,2140990,2141743,2142153,2141341,2139924,2139924,2138996,R
2141361,2141361,2144108,2144862,2146633,2146633,2149879,2154265,2154262,2157506,2157506,2162280,2164002,2166323,2168033,2168033,2169477,2170486,2171208,2170492,2170492,2168618,2167290,2166813,2166659,2166659,2166465,2165889,2165508,2164970,2164970,2163892,2163562,2163832,2163650,2163650,2161464,2158713,2157370,2156817,R
2152858,2152858,2152827,2151182,2148098,2145876,2145876,2145240,2145266,2147029,2148000,2148000,2149936,2151568,2153262,2155807,2155807,2158702,2160548,2159361,2157941,2157941,2157163,2157335,2158435,2161361,2161361,2163078,2164216,2166344,2170028,2172031,2172031,2172465,2173463,2173134,2173261,2173261,2172909,2173254,R
2163674,2163773,2163773,2163803,2163741,2162599,2160626,2160626,2159483,2159902,2161062,2156107,2156107,2156599,2164320,2167974,2168532,2168532,2169292,2171003,2173386,2175526,2175526,2175127,2174101,2172134,2172796,2172796,2174765,2175465,2176416,2176917,2176917,2177078,2177899,2177980,2178279,2178279,2179260,2180061,R
2163234,2163398,2163819,2163819,2164687,2165407,2164653,2160397,2160397,2161889,2162827,2166612,2169911,2169911,2171819,2172520,2173697,2175174,2175174,2177057,2178883,2181263,2183070,2183070,2183500,2183027,2182239,2184326,2184326,2185347,2185808,2186483,2186574,2186574,2187986,2189729,2190673,2191902,2191902,2192732,R
2187132,2187174,2187174,2187678,2188693,2189354,2189336,2189336,2189320,2188015,2184547,2183048,2183048,2181899,2180730,2181044,2181407,2181407,2181673,2182437,2184212,2185911,2185911,2187719,2189605,2189941,2188767,2188767,2187515,2187032,2187701,2188424,2188424,2188732,2188913,2188811,2189827,2189827,2190810,2191166,R
2179427,2179049,2179823,2180318,2181247,2181247,2181978,2182592,2181142,2179015,2179015,2176824,2176398,2176486,2176482,2176482,2176217,2175771,2175760,2176098,2176098,2176777,2177410,2178135,2176877,2176877,2174108,2171406,2170059,2169716,2169716,2169750,2169598,2169204,2169212,2169212,2169923,2170408,2171349,2172144,R
2168320,2168436,2168240,2169099,2169099,2170145,2170954,2171974,2173536,2173536,2174422,2172747,2170742,2169486,2169486,2168164,2167590,2166767,2166006,2166006,2165540,2165159,2164936,2164734,2164734,2164336,2164737,2164484,2163329,2163329,2161221,2159525,2159330,2159775,2159775,2160533,2160907,2161054,2161106,2161106,R
2164599,2163864,2162810,2162284,2162284,2162634,2162632,2162931,2163192,2163192,2165227,2166797,2168234,2170756,2170756,2169886,2169523,2168594,2168073,2168073,2169080,2170071,2171364,2171783,2171783,2172511,2174238,2175307,2176497,2176497,2177567,2178664,2177653,2175500,2175500,2174114,2173429,2173781,2173815,2173815,R
2163709,2163653,2164010,2163753,2163141,2163141,2162174,2162501,2163088,2164460,2164460,2165514,2167024,2167699,2167383,2167383,2167296,2168054,2169201,2170470,2170470,2171079,2172379,2173582,2174858,2174858,2176141,2176953,2178382,2178723,2178723,2177018,2175599,2175568,2175576,2175576,2176075,2176705,2176239,2176538,R
2169791,2168788,2169874,2169874,2170343,2170395,2171510,2171605,2171605,2170016,2167759,2166212,2165310,2165310,2165146,2165273,2164718,2164883,2164883,2163949,2164329,2164710,2164287,2164287,2164368,2162550,2160421,2158902,2158902,2157386,2157807,2157853,2157975,2157975,2158360,2158224,2158771,2159628,2159628,2160570,R
2163452,2163452,2162425,2160331,2158973,2158831,2158831,2159045,2159144,2159241,2159353,2159353,2159817,2160626,2161840,2162341,2162341,2163037,2161410,2159387,2158003,2158003,2157471,2157898,2158212,2157650,2157650,2157769,2158071,2158894,2158894,2159887,2160895,2160762,2158901,2158901,2156995,2156122,2156156,2156530,R
2160245,2158473,2157398,2157398,2157900,2158647,2158698,2158416,2158416,2158688,2159250,2160023,2160917,2161539,2161539,2160746,2158509,2156659,2156659,2156201,2156393,2156578,2156506,2156506,2156656,2156268,2156918,2157939,2158427,2158427,2158784,2157459,2155050,2155050,2153833,2153573,2154301,2154630,2154630,2154913,R
2167125,2167268,2167268,2166903,2169811,2170489,2171455,2171455,2171510,2172216,2173376,2174305,2174305,2175943,2174954,2174958,2174939,2174939,2176430,2178562,2180205,2182747,2182747,2184525,2187254,2189344,2191915,2191915,2193856,2195774,2196470,2196515,2196515,2196835,2197847,2198859,2199048,2199048,2199515,2199733,R
2192296,2190920,2190738,2188526,2187891,2187891,2186699,2186929,2187781,2187360,2187360,2187386,2185109,2181094,2176862,2176862,2175063,2174926,2175886,2175886,2175886,2176667,2176929,2179267,2179267,2179267,2180810,2181352,2181229,2179315,2179315,2178148,2177236,2178099,2178099,2178476,2178780,2179469,2180506,2180506,R
2183789,2184551,2185945,2186306,2184359,2184359,2182578,2182778,2183047,2183748,2183748,2184237,2184890,2185276,2186269,2186269,2187111,2188048,2188055,2186940,2186940,2185925,2185236,2185836,2186515,2186515,2187032,2187515,2187813,2188609,2188609,2189960,2191187,2191134,2190337,2190337,2189057,2188888,2189385,2190054,R
2199726,2199726,2200181,2199064,2197556,2197635,2197635,2197878,2197829,2198053,2198028,2198028,2198409,2198783,2199762,2200490,2200490,2201520,2202337,2202337,2200998,2200998,2199463,2199414,2199487,2199898,2199898,2200573,2199678,2199422,2199105,2199105,2199851,2200634,2201010,2201028,2201028,2199805,2198494,2196953,R
2184564,2184481,2184481,2185122,2185446,2185522,2184323,2184323,2181579,2179433,2178578,2178666,2178666,2178803,2178582,2177905,2177878,2177878,2178615,2178996,2180077,2180077,2180996,2181074,2180180,2177032,2177032,2175124,2174651,2174294,2174785,2174785,2174698,2173549,2173745,2174044,2174044,2174795,2175421,2175877,R
2166390,2165998,2166079,2166448,2166711,2166711,2166431,2166847,2167858,2168829,2168829,2169913,2170601,2169106,2166299,2166299,2164155,2164021,2164533,2164768,2164768,2164773,2164395,2164963,2166514,2166514,2166575,2167181,2168502,2167621,2167621,2164908,2162412,2161358,2161675,2161675,2162800,2162670,2162056,2162392,R
2167938,2167938,2167264,2170809,2173033,2170198,2169674,2169674,2167636,2166358,2165558,2165558,2166366,2167509,2168017,2167585,2167585,2164006,2159576,2158316,2156974,2156974,2156588,2157074,2156239,2155590,2155590,2155383,2155898,2156450,2155726,2155726,2157977,2159352,2158408,2158251,2158251,2158617,2160524,2162731,R
2180475,2181564,2181564,2182399,2180197,2178257,2177023,2177023,2177392,2178060,2177944,2178178,2178178,2178391,2179830,2180233,2181369,2181369,2182593,2182984,2181635,2179547,2179547,2179048,2179122,2179821,2179821,2180263,2180847,2181951,2182228,2183137,2183137,2183822,2185652,2186051,2184948,2184948,2183291,2181735,R
2185163,2185846,2186390,2187183,2187183,2188656,2189366,2188927,2186880,2186880,2184487,2183908,2184232,2184583,2184583,2184359,2184410,2184640,2185383,2185383,2186495,2187686,2188219,2187092,2187092,2184623,2183062,2183137,2183181,2183181,2183489,2183473,2183540,2183961,2183961,2184780,2185670,2186896,2186800,2186800,R
2181160,2181098,2181098,2181617,2182347,2183261,2183261,2184358,2185436,2186045,2184737,2184737,2182172,2181661,2181879,2182176,2182176,2182776,2182481,2182202,2183225,2183225,2183749,2184679,2185740,2186471,2186471,2185518,2183523,2181633,2180735,2180735,2180738,2180738,2180951,2181005,2181005,2181232,2182286,2183273,R
2181981,2181981,2182242,2182301,2182675,2182675,2183341,2184236,2185697,2186494,2186494,2187000,2186465,2184129,2182176,2182176,2181412,2181853,2181553,2181609,2181609,2181526,2181885,2182689,2183183,2183183,2184212,2185011,2184911,2182383,2182383,2180267,2178907,2179308,2179377,2179377,2179091,2178826,2178853,2179633,R
2172614,2172614,2172745,2173149,2173702,2174129,2174129,2173933,2174891,2175378,2175868,2175868,2176917,2174664,2174664,2172336,2172336,2170920,2171026,2171576,2172007,2172007,2172090,2172548,2172884,2173794,2173794,2174983,2175805,2176878,2175782,2175782,2173459,2171982,2171349,2172277,2172277,2171922,2172614,2172531,R
2175304,2172476,2172476,2171743,2173268,2174071,2174192,2174192,2175065,2178207,2179968,2180163,2180163,2179931,2179171,2178364,2175377,2175377,2172727,2171124,2171091,2172055,2172055,2172987,2172987,2173780,2174843,2174843,2176071,2177204,2178738,2179166,2179166,2177729,2175896,2175416,2175992,2175992,2176785,2177419,R
2179645,2180082,2180561,2181527,2181527,2181995,2181295,2179395,2177901,2177901,2177585,2177929,2178027,2178718,2178718,2179442,2176349,2172856,2174349,2174349,2177734,2180642,2180515,2180089,2180089,2179421,2177745,2177445,2176878,2176878,2175667,2173928,2172620,2172364,2172364,2171520,2171175,2170373,2168419,2168419,R
2152243,2152419,2152748,2153433,2154355,2154355,2155944,2156455,2155304,2153972,2153972,2153550,2153824,2153377,2153550,2153550,2154709,2156154,2157230,2157163,2157163,2158012,2158423,2158095,2155609,2155609,2153575,2153117,2153110,2153452,2153452,2153191,2153367,2153922,2154345,2154345,2155227,2156058,2157258,2157703,R
2153325,2154986,2156821,2156821,2158287,2157698,2153119,2153119,2148387,2145548,2143832,2143594,2143594,2143047,2143363,2143636,2145565,2149096,2149096,2150006,2152887,2152820,2152820,2152923,2150989,2150734,2150599,2150599,2151130,2150753,2150076,2149977,2149977,2150019,2150152,2150599,2151378,2151378,2150373,2148233,R
2134331,2137608,2141682,2141682,2144801,2145998,2147465,2148385,2148385,2150461,2150291,2150369,2149863,2149863,2148778,2149593,2149836,2150023,2150023,2151432,2149844,2148547,2148758,2148758,2147837,2148730,2149354,2150474,2150474,2150740,2152236,2153950,2155418,2155418,2157243,2158050,2158313,2157293,2157293,2155465,R
2159373,2158430,2157618,2157169,2157169,2157059,2156983,2157079,2157698,2157698,2158401,2159343,2160227,2158799,2158799,2156683,2155203,2154985,2154233,2154233,2154593,2154328,2154669,2154951,2154951,2155031,2155450,2155455,2155429,2155429,2153856,2151318,2149428,2148173,2148173,2147707,2147535,2147276,2147065,2147065,R
2140946,2140229,2140229,2140286,2140368,2140478,2140865,2140865,2141309,2141798,2142536,2143260,2143260,2143801,2142809,2140897,2139378,2139378,2138903,2139367,2139528,2139866,2140434,2140434,2141734,2141734,2143011,2143011,2143885,2144162,2144162,2142026,2142026,2140299,2139903,2139903,2140188,2140188,2140057,2140054,R
2145492,2146210,2146056,2144907,2143147,2143147,2142246,2142066,2141750,2141616,2141616,2141416,2141438,2141599,2142041,2142041,2142212,2143065,2143344,2142295,2142295,2140914,2139903,2139829,2140017,2140017,2140596,2140753,2141047,2141421,2141421,2142290,2143582,2143582,2144082,2144082,2142983,2141496,2140570,2140367,R
2143905,2143905,2142231,2140764,2140764,2138130,2138130,2140338,2143269,2145569,2147600,2151119,2151119,2153136,2156727,2159361,2159361,2160866,2161064,2160804,2160705,2160705,2161202,2161920,2162398,2162782,2162782,2163338,2163909,2164677,2165548,2165548,2166405,2166329,2165046,2163262,2163262,2162443,2162147,2162390,R
2157410,2157952,2158586,2159360,2159360,2160190,2161043,2161684,2160802,2160802,2158961,2158255,2157811,2157724,2157724,2157713,2157326,2157389,2157194,2157194,2157449,2158408,2159218,2159957,2159957,2159530,2157917,2156309,2155243,2155243,2154914,2154959,2154695,2154758,2154758,2154900,2155334,2156293,2156293,2157009,R
2153439,2153439,2153052,2152208,2150833,2151775,2151775,2151806,2152929,2154200,2153363,2153363,2150769,2148942,2147954,2148360,2147875,2147875,2147283,2147032,2147197,2147197,2147538,2148143,2148828,2148905,2148905,2147444,2144986,2143489,2143282,2143282,2143596,2143963,2143942,2143995,2143995,2144570,2145183,2145992,R
2144930,2145003,2145525,2146506,2147372,2147372,2148003,2148820,2147768,2145871,2145871,2144905,2144742,2145566,2145774,2145774,2146069,2146324,2146796,2147552,2147552,2148563,2149570,2149928,2148811,2148811,2146744,2145798,2145878,2146328,2146328,2147020,2147465,2147779,2148491,2148491,2149456,2150834,2151875,2152147,R
2155478,2156205,2157192,2157192,2158178,2159113,2159978,2160660,2160660,2159338,2158010,2157437,2157693,2158187,2158187,2158766,2159011,2159299,2159299,2159666,2160633,2162320,2162320,2162320,2163161,2163776,2163549,2162217,2162217,2160973,2160353,2160689,2160980,2160980,2161033,2161162,2161552,2161552,2161908,2162529,R
2160965,2161407,2161436,2161392,2161929,2161929,2162544,2163265,2164213,2164863,2164863,2164791,2163222,2161170,2160320,2160320,2160471,2160942,2161065,2160871,2160871,2160794,2161161,2161737,2162590,2162590,2163577,2163879,2162800,2160620,2160620,2159240,2158851,2159193,2159446,2159446,2159434,2159474,2159707,2160136,R
2158899,2156985,2154803,2153861,2153861,2153930,2154352,2154780,2154496,2154496,2154788,2155258,2156178,2157140,2157140,2157784,2157977,2156299,2154186,2154186,2153259,2153270,2153796,2154340,2154340,2154376,2154512,2155108,2156059,2156059,2157030,2158010,2158514,2157047,2157047,2154584,2153309,2153454,2154138,2154138,R
2157355,2158177,2157518,2155355,2153485,2153485,2153282,2153889,2154434,2154610,2154610,2154841,2155202,2155801,2156772,2156772,2157649,2158271,2157547,2155597,2155597,2154101,2153955,2154419,2154986,2154986,2155260,2155356,2156846,2156846,2156846,2157669,2158603,2159233,2158376,2158376,2156381,2155061,2154999,2155585,R
2160120,2157045,2157045,2156009,2156009,2155853,2156112,2156346,2156422,2156422,2156458,2156940,2157594,2158227,2158227,2159078,2159506,2158281,2156347,2156347,2155325,2155108,2155690,2155990,2155990,2155963,2156173,2156776,2156776,2157504,2158337,2159079,2159307,2158023,2158023,2155896,2154780,2154798,2154798,2155157,R
2161501,2161771,2162316,2162901,2162901,2163034,2163178,2163402,2163647,2163647,2164309,2166041,2166041,2166026,2166026,2165011,2163313,2162658,2162460,2162460,2162696,2162869,2163039,2162998,2162998,2163687,2164421,2165405,2166361,2166361,2166525,2165022,2163217,2162477,2162477,2162600,2163075,2163435,2163717,2163717,R
2166832,2167132,2167461,2167932,2168691,2168691,2169559,2170534,2171125,2170521,2170521,2168826,2167318,2167010,2167174,2167174,2167977,2167900,2167913,2168291,2168291,2168733,2169574,2170040,2170345,2170345,2169438,2167464,2165976,2165550,2165550,2166027,2166411,2166597,2166753,2166753,2167175,2167706,2168637,2169516,R
2168000,2169188,2170232,2171363,2171363,2172767,2173717,2173019,2173019,2171448,2170348,2170250,2170722,2170722,2170852,2170940,2170998,2171326,2171326,2171740,2172174,2172652,2172652,2172907,2172219,2170263,2168044,2168044,2166970,2166650,2166400,2166387,2166387,2166135,2166285,2166816,2167330,2167330,2168131,2168698,R
2169357,2169357,2170052,2170892,2171962,2173136,2173136,2172928,2171502,2169860,2169288,2169288,2169471,2169870,2170074,2170181,2170181,2170325,2170757,2171705,2172413,2172413,2173163,2173252,2172038,2170359,2170359,2169254,2169125,2169545,2169603,2169603,2169679,2169588,2170046,2170702,2170702,2171273,2171917,2171543,R
2153442,2152496,2152496,2152097,2151684,2151195,2150248,2150248,2148020,2145755,2144454,2144005,2144005,2144238,2144621,2145328,2146230,2146230,2146923,2148019,2148868,2148912,2148912,2147586,2146097,2145194,2145449,2145449,2145880,2145868,2145448,2145095,2145095,2144875,2145259,2145713,2145495,2145495,2143595,2141652,R
2156559,2158689,2160505,2162755,2164217,2164217,2165168,2165624,2165755,2166044,2166044,2166405,2166089,2164978,2163776,2163776,2163025,2163034,2163187,2163291,2163291,2163451,2163485,2163716,2164153,2164153,2164364,2164165,2163463,2163089,2163089,2163178,2163508,2163959,2164552,2164552,2164965,2165852,2166822,2167571,R
2173957,2173957,2174711,2175278,2176131,2176004,2176004,2175697,2175256,2174973,2175320,2175320,2175251,2175270,2175453,2175456,2175456,2175619,2176012,2176582,2176833,2176833,2176069,2174673,2174014,2173530,2173530,2173569,2173645,2173502,2173420,2173420,2173401,2173504,2173901,2174172,2174172,2173981,2172676,2171050,R
2163735,2164520,2165177,2165829,2164746,2164746,2162974,2161460,2161262,2161372,2161372,2161668,2161668,2161779,2161972,2161972,2162444,2163282,2163891,2164165,2164165,2162662,2160986,2159755,2159718,2159718,2160412,2160888,2161118,2161118,2161165,2161538,2161965,2162868,2162868,2163297,2162524,2160914,2159407,2159407,R
2160171,2158845,2158845,2158345,2158814,2159253,2159423,2159423,2159694,2159974,2160339,2161140,2161140,2161633,2160828,2158994,2157692,2157692,2157712,2157830,2158393,2158661,2158661,2158671,2159222,2159711,2160346,2160346,2161041,2160118,2158482,2156844,2156844,2156719,2157101,2157663,2157728,2157728,2157607,2157889,R
2151045,2151321,2151253,2151253,2150679,2150696,2150761,2151322,2151322,2151715,2152011,2150168,2147428,2147428,2145831,2145448,2145707,2145877,2145877,2145529,2145290,2145353,2145681,2145681,2146345,2147020,2146083,2143335,2143335,2140769,2139758,2139961,2140324,2140324,2140337,2140266,2140599,2140599,2140599,2141336,R
2136633,2137081,2137916,2138975,2138975,2139882,2140686,2141574,2141831,2141831,2139954,2137305,2136072,2136352,2136352,2137157,2137873,2137953,2138250,2138250,2138978,2139912,2141081,2142277,2142277,2143088,2143051,2141043,2138855,2138855,2138259,2138633,2139567,2140031,2140031,2140022,2140419,2141209,2142099,2142099,R
2140436,2140550,2140550,2140514,2141102,2141907,2142913,2142913,2143857,2144514,2144288,2141793,2141793,2139788,2139092,2139529,2140038,2140038,2140210,2140345,2140592,2141248,2141248,2142100,2142843,2143715,2144276,2144276,2143214,2138594,2138594,2138367,2138367,2139018,2139435,2139356,2139176,2139176,2139346,2140085,R
2139047,2139995,2139995,2140751,2141460,2142314,2141895,2141895,2139344,2137249,2136534,2137060,2137060,2137634,2138000,2137874,2138263,2138263,2138921,2139738,2140530,2141469,2141469,2142980,2142980,2142489,2140180,2140180,2137569,2137569,2137960,2138521,2138521,2138817,2138750,2139095,2139912,2139912,2140527,2141281,R
2137966,2137966,2138447,2138515,2139188,2139226,2139226,2137589,2133987,2133987,2133854,2133854,2134394,2135075,2135124,2135191,2135191,2135825,2136712,2137659,2138600,2138600,2139181,2138624,2136384,2134936,2134936,2134595,2135141,2135576,2135752,2135752,2135587,2135907,2136486,2137160,2137160,2138223,2138809,2138271,R
2135058,2132814,2131764,2131820,2131820,2132151,2132657,2132948,2133071,2133071,2133506,2134328,2135156,2135917,2135917,2136749,2136381,2134287,2132890,2132890,2132782,2133303,2134021,2134003,2134003,2134347,2134953,2135564,2136653,2136653,2137624,2138512,2138965,2137908,2137908,2136289,2135721,2135979,2136667,2136667,R
2142404,2143033,2143475,2143475,2143739,2144192,2144779,2144779,2145759,2146607,2147534,2148377,2148377,2147960,2146444,2145310,2144998,2145609,2145609,2146222,2146508,2146575,2146858,2146858,2147608,2148378,2149052,2149987,2149987,2149264,2149264,2147720,2147720,2146762,2146727,2147105,2147391,2147391,2147496,2147489,R
2146930,2147158,2147288,2147654,2147654,2148015,2148816,2149677,2150523,2150523,2150457,2148673,2147034,2146313,2146313,2146604,2147111,2147305,2147377,2147377,2147674,2148201,2148924,2148924,2149891,2150490,2151202,2150627,2150627,2148848,2147665,2147590,2148032,2148032,2148543,2148543,2148826,2148949,2148949,2149945,R
2153626,2152283,2151838,2152278,2152278,2152565,2152836,2152951,2153547,2153547,2154164,2154860,2155656,2156369,2156369,2156851,2156593,2154889,2153629,2153629,2153424,2153749,2153968,2154298,2154298,2154425,2154568,2155211,2155880,2155880,2156678,2157248,2156810,2155339,2155339,2154113,2153689,2153720,2154267,2154267,R
2152620,2152821,2152821,2152745,2152663,2153200,2153702,2153702,2154384,2155059,2155383,2154625,2154625,2152633,2151486,2151111,2151364,2151364,2151503,2151301,2151285,2151457,2151457,2151867,2152403,2153030,2153606,2153606,2153307,2151718,2149721,2148912,2148912,2148737,2149082,2149071,2148869,2148869,2149010,2149331,R
2146226,2146302,2146302,2146889,2147481,2148147,2149039,2149039,2149502,2148674,2146898,2145750,2145750,2145828,2146088,2146338,2146351,2146351,2146243,2146712,2147409,2148148,2148148,2148907,2149480,2149166,2147588,2147588,2145948,2145204,2145487,2146216,2146216,2146132,2146054,2146376,2146531,2146531,2146761,2147160,R
2199137,2199159,2196361,2197999,2198303,2198303,2199947,2201125,2200014,2200014,2200014,2196416,2194605,2193549,2195286,2195286,2194712,2195859,2197542,2198697,2198697,2200586,2200000,2199276,2197069,2197069,2196047,2194568,2194595,2194669,2194669,2194150,2193853,2194461,2194812,2194812,2195764,2193443,2192693,2192187,R
2194529,2191290,2191290,2191317,2191317,2191973,2191861,2192337,2192906,2192906,2193623,2194579,2195768,2195078,2195078,2193155,2192279,2191413,2191595,2191595,2192327,2192551,2193023,2193489,2193489,2194726,2195385,2195586,2193808,2193808,2191954,2190955,2190862,2190992,2190992,2192023,2192507,2192702,2192702,2193658,R
2196525,2195907,2194158,2193094,2193094,2192596,2193418,2193418,2193418,2194034,2194754,2195219,2196182,2196182,2197297,2198425,2198504,2198504,2196796,2195334,2194736,2194755,2194755,2195361,2195809,2196335,2196629,2196629,2197262,2197847,2198739,2198965,2198965,2197509,2195513,2194477,2194571,2194571,2194879,2195236,R
2192650,2192802,2193091,2194014,2194720,2194720,2194906,2193627,2191841,2190368,2190368,2189721,2190305,2190759,2191205,2191205,2191372,2191644,2192127,2192765,2192765,2193807,2193585,2192024,2189532,2189532,2188436,2188280,2188870,2189280,2189280,2189487,2189854,2190222,2190769,2190769,2191441,2192153,2191256,2188562,R
2179839,2176687,2174253,2172997,2173010,2173010,2173278,2173733,2173709,2173954,2173954,2174551,2175131,2176375,2175753,2175753,2173301,2170903,2169756,2170047,2170047,2170514,2171033,2171070,2171128,2171128,2171816,2172914,2173578,2173442,2173442,2171257,2168615,2167324,2167453,2167453,2168188,2168825,2169057,2169281,R
2158225,2158225,2158309,2159059,2160065,2160803,2160803,2159020,2156082,2154276,2153909,2153909,2154554,2155311,2155908,2155908,2156032,2156930,2157758,2158873,2158873,2159864,2158779,2156127,2154117,2154117,2153774,2154749,2155750,2156315,2156315,2156939,2157383,2158176,2159618,2160735,2160735,2161431,2159811,2157368,R
2153870,2153870,2152616,2152710,2152945,2153424,2153424,2153283,2153405,2153971,2154695,2154695,2155692,2156518,2157529,2156705,2156705,2154394,2152438,2151935,2152495,2152495,2153082,2153213,2153597,2154429,2154429,2155108,2155994,2157191,2158389,2158389,2158459,2156445,2154407,2153285,2153285,2153264,2153859,2154571,R
2148548,2148807,2148807,2149440,2150173,2151019,2151602,2151602,2150042,2147599,2145918,2145673,2145673,2146236,2146945,2147365,2147688,2147688,2149291,2149291,2150306,2151672,2151672,2152340,2150998,2148893,2147963,2147963,2148208,2149129,2150096,2150802,2150802,2151333,2152236,2153508,2154851,2154851,2156052,2156114,R
2151676,2151676,2149174,2146947,2145822,2146146,2146146,2146981,2147496,2147895,2148369,2148970,2148970,2150057,2151186,2152330,2152330,2151641,2149341,2147659,2147286,2147286,2147957,2149076,2149622,2150203,2150203,2151048,2152156,2153445,2154820,2154820,2156141,2155686,2153607,2151725,2151725,2151192,2151800,2152393,R
2152491,2154185,2154185,2155828,2157924,2160736,2163590,2163590,2164744,2163548,2162867,2164274,2164274,2166341,2167873,2170380,2172090,2172090,2173800,2174476,2175989,2175800,2175800,2175827,2172200,2169036,2164829,2164829,2163773,2162895,2162195,2162567,2162567,2162227,2162458,2162680,2162442,2162442,2161511,2158143,R
2155632,2152738,2151094,2150762,2150618,2150618,2151309,2151135,2151087,2151768,2151768,2151949,2153380,2154525,2155682,2155682,2155156,2152331,2150209,2149537,2149537,2149473,2150361,2150974,2150975,2150975,2151806,2152804,2153995,2155226,2155226,2156454,2156275,2153796,2151775,2151775,2151061,2151253,2151858,2152749,R
2155377,2155377,2155911,2156452,2156380,2156463,2156463,2156860,2157990,2158947,2159684,2159684,2160576,2160543,2157808,2155761,2155761,2155097,2155149,2155795,2156310,2156310,2156640,2157188,2157702,2159000,2159000,2160190,2161389,2162231,2160548,2160548,2157602,2156685,2156464,2157050,2157050,2158019,2158531,2158884,R
2161973,2162196,2162798,2162728,2162728,2162500,2163075,2163671,2164188,2164188,2165143,2165688,2164399,2161520,2161520,2159747,2159164,2159249,2159658,2159658,2159669,2159596,2159945,2160144,2160144,2161115,2162105,2162604,2160737,2160737,2157860,2156552,2156333,2156855,2156855,2157523,2157949,2158044,2158463,2158463,R
2159083,2160012,2160012,2160940,2160524,2157898,2155360,2155360,2154626,2154487,2154670,2154652,2154652,2154440,2154436,2154984,2155713,2155713,2156490,2157160,2155648,2152746,2152746,2151177,2150860,2151232,2152062,2152062,2152248,2152486,2153130,2154102,2154102,2155145,2156268,2156268,2154275,2154275,2152541,2152604,R
2164135,2163003,2160840,2159578,2159252,2159252,2159446,2159974,2160194,2160077,2160077,2160604,2161293,2162090,2163076,2163076,2163308,2161593,2159201,2158266,2158266,2158235,2158442,2158870,2158913,2158913,2159738,2159738,2160654,2161705,2161705,2162767,2162767,2160476,2158443,2158443,2157930,2158361,2159018,2159509,R
2164084,2164084,2161892,2160821,2160428,2160817,2160817,2161511,2161144,2161155,2161737,2161737,2162086,2162723,2163619,2162999,2162999,2160561,2158012,2157080,2157135,2157135,2157409,2157529,2157269,2157083,2157083,2157427,2158338,2159224,2160071,2160071,2158540,2154767,2154767,2154675,2155143,2155143,2155803,2155988,R
2158721,2159310,2159837,2160464,2161170,2161170,2162086,2163437,2164405,2164405,2165314,2163949,2161345,2160315,2160315,2160062,2160478,2161059,2161090,2161090,2161057,2161540,2162207,2163271,2163271,2164124,2164933,2164982,2162467,2162467,2160258,2159308,2159372,2159707,2159707,2160150,2159993,2160271,2161427,2161427,R
2163425,2163891,2164506,2165455,2166153,2166153,2167093,2167785,2166182,2163208,2163208,2162028,2162555,2163193,2163407,2163407,2163166,2163166,2163876,2165129,2165129,2166342,2167264,2167391,2164978,2164978,2162250,2161028,2160653,2160956,2160956,2161080,2161174,2161043,2161252,2161252,2162022,2162834,2163565,2162852,R
2158155,2159719,2160762,2160762,2159878,2157064,2155401,2155227,2155227,2155650,2156436,2157132,2157435,2157435,2157982,2158961,2160143,2161596,2161596,2162333,2160936,2158061,2156730,2156730,2156428,2156957,2157968,2158192,2158192,2158364,2158975,2159661,2160443,2160443,2161597,2161555,2159202,2156636,2156636,2155754,R
2153439,2154147,2154147,2155124,2156338,2156426,2154200,2154200,2150401,2150401,2150466,2151031,2151031,2151604,2151760,2152179,2152831,2152831,2154064,2155485,2156259,2154976,2154976,2151891,2150117,2149942,2151036,2151036,2151892,2152311,2152460,2153262,2153262,2154017,2155214,2156615,2156773,2156773,2154442,2151731,R
2151199,2147689,2146055,2146055,2146025,2146062,2146367,2146603,2146603,2147456,2148376,2149313,2150775,2150775,2152512,2151926,2148367,2145834,2145834,2145111,2145562,2146629,2147166,2147166,2147502,2147923,2149073,2150497,2150497,2151528,2151912,2149277,2146349,2146349,2145653,2145942,2146691,2147380,2147380,2147874,R
2147913,2148907,2150127,2150732,2150732,2148342,2144370,2142159,2141804,2141804,2141896,2142538,2142378,2142090,2142090,2142683,2143617,2145051,2146045,2146045,2146886,2144748,2141260,2141260,2139940,2139940,2140710,2141807,2141807,2141986,2142102,2143099,2144085,2144085,2145520,2146792,2146341,2143254,2143254,2140762,R
2146184,2147654,2149222,2149293,2149293,2146140,2143146,2142191,2142614,2142614,2143568,2143770,2143934,2144367,2144918,2144918,2146256,2147396,2148156,2148156,2146297,2142581,2140693,2140436,2140436,2141072,2141507,2141529,2141555,2141555,2141997,2143116,2144597,2145611,2145611,2145280,2142325,2139617,2139434,2139434,R
2142997,2143124,2143124,2143064,2143631,2144647,2145850,2145850,2147508,2148702,2147454,2144349,2144349,2142405,2141634,2142058,2142873,2142873,2142933,2142970,2143537,2144495,2144495,2145630,2146702,2147456,2147824,2147824,2145804,2142465,2140957,2141145,2141145,2141427,2141907,2141998,2142071,2142071,2142658,2143701,R
2150076,2151365,2152904,2152904,2154061,2155137,2155721,2154453,2154453,2152128,2151225,2151133,2152151,2152151,2152962,2153492,2153790,2154691,2154691,2155794,2157277,2158487,2159694,2159694,2160657,2160305,2158164,2156041,2155511,2155732,2155732,2156330,2156330,2156880,2156654,2156957,2157674,2157674,2158494,2159412,R
2160541,2161607,2162861,2162861,2164368,2164799,2163498,2161004,2161004,2159944,2160091,2160437,2161417,2161417,2162156,2162491,2163355,2164405,2164405,2165542,2166679,2167502,2166401,2166401,2164109,2162926,2162689,2163258,2163258,2163849,2163983,2164122,2164620,2164620,2165629,2166369,2167275,2167859,2167859,2166180,R
2161624,2161624,2161104,2161377,2161830,2161933,2161933,2162055,2162811,2163820,2164775,2164775,2166450,2167805,2167369,2164968,2164968,2163372,2162868,2163230,2163742,2163742,2164242,2164943,2164943,2165920,2165920,2166828,2167855,2168994,2168892,2168892,2167017,2165164,2164676,2164933,2164933,2165481,2166037,2166338,R
2166132,2166701,2166701,2167124,2167197,2167164,2167759,2167759,2168866,2170258,2171370,2171585,2171585,2169924,2167890,2167462,2167707,2167707,2168148,2168715,2168768,2169146,2169146,2170072,2171063,2172175,2173286,2173286,2173587,2171854,2169879,2168959,2168959,2169126,2169562,2170160,2170392,2170392,2170242,2171087,R
2167665,2170506,2170506,2168429,2165008,2165008,2156923,2151964,2150722,2150722,2152380,2155804,2155989,2158116,2158116,2163319,2170361,2173399,2172697,2172697,2172634,2172423,2175375,2175375,2175375,2176688,2178045,2178553,2179194,2179194,2181034,2182898,2184203,2186027,2186027,2185677,2183222,2184395,2184548,2184548,R
2213898,2213128,2210655,2208054,2206697,2206697,2206521,2206691,2206768,2207058,2207058,2206884,2207473,2208026,2209200,2209200,2209487,2207407,2204260,2202801,2202801,2202236,2202464,2202761,2203065,2203065,2203033,2203661,2204699,2205665,2205665,2207096,2206040,2203445,2200973,2200973,2200173,2199943,2200677,2201428,R
2204718,2202282,2202282,2200874,2200129,2200839,2201347,2201347,2202073,2202498,2202944,2202944,2204510,2205584,2207127,2208226,2208226,2206764,2204580,2203775,2203416,2203416,2204195,2205128,2205344,2206006,2206006,2206563,2207671,2209205,2210417,2210417,2211018,2209342,2207076,2206053,2206053,2206332,2207163,2207510,R
2207750,2206913,2206803,2207521,2207521,2207465,2207446,2207776,2208387,2208387,2209183,2210853,2211794,2209781,2209781,2206711,2204247,2203083,2202989,2202989,2202707,2203216,2203661,2204377,2204377,2204797,2205402,2205938,2205211,2205211,2201357,2198003,2196781,2196257,2196257,2196648,2196626,2197031,2197496,2197496,R
2200720,2201765,2203395,2203401,2200771,2200771,2197867,2196893,2196953,2197952,2197952,2198098,2198252,2198529,2199359,2199359,2200250,2201517,2202711,2202711,2203511,2201182,2198790,2197764,2197764,2197806,2198561,2199050,2199493,2199493,2199902,2200699,2201945,2203292,2203292,2204954,2205074,2202310,2200604,2199527,R
2207021,2201478,2199726,2196939,2195227,2195227,2195037,2194130,2193929,2192547,2192547,2192295,2192578,2190714,2189704,2189704,2190551,2186882,2186441,2185780,2185780,2186064,2186891,2188506,2189369,2189369,2189953,2190264,2191276,2192300,2192300,2193592,2194468,2194222,2192234,2192234,2190186,2189583,2189896,2190638,R
2192985,2192985,2193133,2193784,2194144,2194391,2194391,2194411,2194823,2195829,2196430,2196430,2197569,2196996,2194849,2193032,2193032,2192062,2191772,2191808,2191948,2191948,2191845,2192180,2192487,2193135,2193135,2193813,2194727,2194267,2192185,2192185,2189523,2188591,2188821,2188536,2188536,2188687,2188251,2188300,R
2180973,2181732,2182412,2183498,2183498,2182646,2179620,2176956,2175262,2175262,2174823,2175327,2175350,2175409,2175409,2175514,2176002,2176555,2177530,2177530,2178528,2176591,2173473,2171190,2171190,2170605,2171121,2171386,2171488,2171488,2170762,2170881,2171100,2172366,2172366,2173793,2173959,2171185,2167995,2167995,R
2164275,2164278,2164644,2164644,2164907,2165522,2165747,2166517,2166517,2167596,2169133,2170562,2170454,2170454,2168315,2165407,2164094,2164425,2164425,2165090,2165582,2165989,2165989,2166570,2167548,2169026,2170517,2170517,2171988,2171276,2168890,2166329,2166329,2165272,2165875,2166507,2167761,2167761,2168478,2168641,R
2170525,2170525,2171598,2172728,2174131,2173799,2173799,2171072,2168706,2168014,2168014,2168515,2169357,2169379,2169907,2169907,2170558,2171141,2172836,2174238,2174238,2175516,2175026,2172110,2169783,2169783,2169360,2169403,2170474,2170958,2170958,2171112,2171821,2172453,2174003,2174003,2175096,2176644,2176175,2173385,R
2178761,2178761,2178908,2179228,2178981,2178773,2178773,2178931,2179321,2180108,2179636,2179636,2178137,2175461,2173934,2173934,2173935,2174586,2175236,2175646,2175646,2175987,2176492,2177191,2178425,2178425,2179296,2178362,2175915,2173747,2173747,2173324,2173663,2174479,2174822,2174822,2175600,2175600,2176575,2177699,R
2174566,2174978,2174978,2175929,2176589,2174586,2171645,2171645,2169320,2168569,2169103,2169324,2169324,2169748,2169986,2170340,2171545,2171545,2173953,2173953,2173883,2171672,2171672,2168834,2168834,2169440,2170561,2170561,2171313,2171738,2172322,2173173,2173173,2174151,2175802,2176554,2175130,2175130,2172794,2171424,R
2170645,2171000,2171499,2172337,2172337,2173149,2173018,2170735,2168134,2168134,2166320,2166347,2166848,2166958,2166958,2167359,2167405,2168295,2168802,2168802,2170002,2170932,2170381,2168286,2168286,2166251,2165288,2165874,2166508,2166508,2167439,2168119,2168814,2169561,2169561,2170530,2171963,2172859,2171829,2171829,R
2171377,2171703,2170247,2167241,2164896,2164896,2164389,2164501,2165081,2165265,2165265,2165263,2165793,2166683,2167884,2167884,2169051,2169714,2167976,2165702,2165702,2164145,2164076,2165121,2166012,2166012,2166647,2167369,2167953,2168843,2168843,2170479,2171643,2171339,2168997,2168997,2166869,2166416,2167080,2167966,R
2168519,2166008,2165258,2165397,2165397,2166096,2166779,2167290,2167778,2167778,2168427,2169584,2170829,2171783,2171783,2170294,2167280,2165518,2164901,2164901,2165646,2166062,2166126,2165783,2165783,2165884,2166558,2167576,2168456,2168456,2166769,2164461,2162529,2162014,2162014,2162636,2163680,2165230,2165729,2165729,R
2175668,2176385,2177379,2178506,2179583,2179583,2180524,2181226,2182501,2183981,2183981,2183827,2182200,2180852,2180889,2180889,2181754,2182712,2183891,2184475,2184475,2185076,2185982,2187780,2187780,2188705,2186197,2186197,2184912,2184912,2185022,2186059,2186968,2187634,2187634,2188492,2189063,2190361,2191488,2191488,R
2194854,2193660,2193660,2191717,2190106,2189613,2189835,2189835,2190447,2190943,2191406,2191542,2191542,2192317,2193167,2192420,2190316,2190316,2187540,2186483,2187234,2186967,2186967,2187057,2187033,2187126,2187759,2187759,2188587,2188847,2187525,2184598,2184598,2182771,2182144,2182655,2183043,2183043,2183512,2183941,R
2180196,2180196,2181192,2181451,2178932,2176050,2176050,2174674,2174681,2175526,2176171,2176171,2176287,2176431,2176922,2178302,2178302,2178973,2179918,2178977,2175491,2175491,2173275,2172550,2172810,2173728,2173728,2174424,2174839,2175640,2176404,2176404,2177994,2179372,2179336,2176827,2176827,2174107,2173099,2173459,R
2177391,2174847,2173821,2174263,2174263,2175202,2175951,2176562,2176562,2177083,2177457,2178425,2179754,2179754,2180282,2178589,2175863,2173706,2173706,2173637,2174295,2175230,2175944,2175944,2176765,2177125,2178109,2179257,2180530,2180530,2179781,2174532,2174532,2174532,2173455,2173913,2174681,2175628,2175628,2175789,R
2173510,2174441,2174441,2174541,2174881,2175530,2176270,2176270,2177289,2178137,2176700,2173801,2173801,2171562,2170814,2171485,2171967,2171967,2172215,2172140,2172577,2173015,2173015,2174480,2175707,2175469,2172560,2172560,2169585,2168258,2168597,2169375,2169375,2169887,2170230,2170366,2170733,2170733,2171955,2173169,R
2163622,2164663,2164983,2165143,2165454,2165454,2166256,2167267,2168361,2169453,2169453,2167766,2164771,2163166,2163013,2163013,2164147,2165084,2165397,2165768,2165768,2166079,2166917,2168252,2169548,2169548,2167206,2167206,2164647,2163343,2163343,2163535,2164895,2165069,2165069,2164898,2165685,2165685,2167080,2167080,R
2163778,2164560,2164899,2165282,2165421,2165421,2165853,2166617,2167912,2168813,2168813,2169262,2166805,2163147,2163147,2163147,2162942,2163804,2164692,2165113,2165113,2164479,2164693,2165644,2166944,2166944,2167934,2169081,2167598,2164951,2164951,2163508,2163591,2164376,2165452,2165452,2166025,2166488,2167197,2167859,R
2164471,2165119,2165527,2165474,2165474,2165597,2166295,2167218,2168696,2168696,2169176,2167634,2164737,2162446,2162446,2162158,2162979,2164182,2164247,2164247,2163669,2165736,2165736,2167347,2167347,2168956,2169362,2167196,2163829,2163829,2162210,2162558,2162924,2163900,2163900,2164310,2164376,2164921,2166007,2166007,R
2161716,2161692,2162482,2163842,2164644,2164644,2164860,2164843,2165610,2163827,2163827,2162083,2160682,2160479,2163629,2163629,2161636,2159752,2157799,2158018,2158018,2158655,2160541,2162567,2161824,2161824,2157056,2157056,2157540,2158442,2158442,2159957,2160478,2161155,2162232,2162232,2163408,2165208,2166109,2163907,R
2165814,2165814,2162527,2160292,2159930,2160604,2160604,2161914,2162771,2163527,2164392,2164392,2165544,2168714,2168714,2167514,2167514,2164030,2161048,2160249,2160249,2162176,2162176,2163333,2164219,2164219,2164959,2165872,2167188,2168885,2168885,2169150,2166518,2163404,2162119,2162119,2162416,2163581,2164663,2165267,R
2167657,2168657,2169443,2169443,2169792,2170371,2171157,2172122,2172122,2173491,2174426,2172682,2169664,2169664,2168212,2168436,2169327,2170131,2170131,2170608,2171058,2171925,2173015,2173015,2173904,2175071,2174398,2171352,2171352,2169387,2168077,2168505,2169460,2169460,2170140,2170570,2171225,2171937,2171937,2173119,R
2172378,2173248,2174684,2175281,2175281,2170040,2170040,2167937,2167310,2167310,2168081,2169159,2169673,2170008,2170008,2170668,2171227,2172362,2173353,2173353,2172083,2168903,2166169,2164990,2164990,2165435,2166255,2166846,2167065,2167065,2167398,2168294,2169374,2170591,2170591,2170772,2168036,2165095,2163893,2163893,R
2164204,2164645,2164645,2164817,2165140,2166242,2167270,2167270,2168588,2168728,2166365,2163338,2163338,2161451,2161272,2162071,2162506,2162506,2162745,2162758,2163326,2164183,2164183,2164959,2165706,2164488,2161505,2161505,2158737,2157330,2157850,2157850,2158528,2159353,2159770,2160824,2160824,2160910,2162063,2163566,R
2162182,2159839,2159839,2158944,2159080,2159660,2160233,2160233,2161723,2163482,2163830,2164924,2164924,2166316,2168158,2169408,2167546,2167546,2164591,2162914,2162829,2163705,2163705,2164668,2165510,2166225,2167221,2167221,2168090,2169338,2170924,2171855,2171855,2171111,2168776,2166738,2166335,2166335,2167116,2168459,R
2179683,2180122,2180652,2181980,2181980,2182955,2183747,2183235,2183235,2180619,2178260,2177773,2178436,2178436,2178734,2179079,2179330,2179914,2179914,2180679,2181613,2182773,2183092,2183092,2181259,2178404,2176764,2176613,2176613,2177132,2177530,2178047,2177939,2177939,2178488,2179034,2180252,2180252,2180252,2178478,R
2147708,2146873,2146873,2146903,2146323,2146338,2145208,2145208,2140447,2139088,2140704,2140704,2144258,2145851,2146450,2146772,2146772,2148144,2149737,2150971,2153474,2153474,2156198,2159245,2161517,2162040,2161909,2161909,2159921,2157805,2160624,2159306,2159306,2157992,2158507,2158630,2159412,2159412,2156894,2156174,R
2138892,2138912,2138339,2135203,2132096,2132096,2130031,2131721,2135241,2135241,2141020,2146612,2146612,2148194,2148194,2151594,2154448,2158987,2160586,2160586,2163483,2165952,2165952,2166110,2166110,2166454,2167480,2169637,2170688,2170688,2172369,2174669,2175409,2177736,2177736,2178802,2179204,2179753,2179718,2179718,R
2190660,2191042,2191042,2190616,2188912,2187420,2185898,2185898,2185737,2185359,2185511,2186293,2186293,2185932,2186276,2186424,2184107,2184107,2181697,2180125,2179433,2179625,2179625,2179402,2179429,2178821,2179809,2179809,2180714,2181608,2180433,2179396,2179396,2179134,2179808,2180909,2181375,2181375,2182506,2182872,R
2177029,2177029,2177915,2176520,2176520,2174702,2174702,2174498,2174877,2174864,2175527,2175527,2175819,2175397,2175695,2175684,2175684,2174287,2171616,2171521,2171699,2171699,2170842,2171048,2171161,2170777,2170777,2169399,2168604,2168610,2167269,2167269,2164563,2163702,2163570,2162538,2162538,2161802,2162332,2161819,R
2145141,2145165,2144902,2144902,2143032,2139860,2137191,2135786,2135786,2138154,2140276,2140214,2139924,2139924,2140438,2141331,2141490,2140361,2138281,2138281,2137211,2137556,2138306,2138306,2138078,2138211,2137339,2137343,2137343,2137522,2138201,2136603,2133950,2133950,2132800,2132682,2133283,2133453,2133453,2133689,R
2121829,2121230,2120996,2120910,2120910,2120986,2121119,2120605,2119123,2119123,2117357,2116903,2117267,2117741,2117741,2118190,2118354,2118706,2119146,2119146,2119756,2120435,2121135,2121662,2121662,2120489,2119118,2118691,2119108,2119108,2120002,2120532,2120958,2121090,2121090,2121713,2122431,2123102,2123904,2123904,R
2126595,2126807,2126803,2127086,2127017,2127017,2127569,2128165,2129040,2129751,2129751,2129970,2129399,2128361,2127849,2127849,2128118,2128620,2129314,2129676,2129676,2129822,2130085,2130626,2131018,2131018,2131484,2131282,2129894,2128617,2128617,2128325,2128630,2129025,2129276,2129276,2129422,2129422,2129829,2130052,R
2116722,2116722,2116817,2117057,2117219,2116241,2116241,2114173,2112435,2111893,2112121,2112121,2112866,2112913,2112860,2113094,2113094,2113389,2113830,2114488,2114671,2114671,2113054,2111231,2110820,2111429,2111429,2112265,2112580,2112767,2112948,2112948,2113347,2113951,2114770,2115221,2115221,2114335,2112809,2111880,R
2114670,2114040,2112380,2111068,2111068,2110833,2111399,2111812,2112187,2112187,2112477,2112496,2113075,2113765,2113765,2114483,2114549,2113578,2112379,2112379,2112068,2112552,2113507,2114289,2114289,2114509,2114957,2115440,2116052,2116052,2116928,2117405,2116937,2115649,2115649,2114767,2114836,2115701,2116308,2116308,R
2114115,2113555,2113902,2113902,2114144,2114052,2113517,2113253,2113253,2113279,2113641,2113609,2113806,2113806,2112847,2110660,2109055,2109055,2108785,2109331,2110146,2110025,2110025,2109919,2110119,2110645,2111147,2111147,2111742,2111985,2110616,2108542,2108542,2107631,2108111,2109026,2109571,2109571,2109626,2109700,R
2109767,2110098,2110354,2110354,2109942,2108162,2106090,2105354,2105354,2105841,2106332,2106627,2106627,2106627,2106636,2107187,2108437,2108437,2108437,2109124,2109441,2108131,2106513,2106513,2106123,2106826,2107834,2108527,2108527,2109214,2109214,2109779,2110638,2110638,2111401,2112208,2112595,2111367,2111367,2109581,R
2112722,2111274,2108980,2107319,2107319,2106956,2107377,2107541,2107385,2107385,2107021,2107135,2107419,2108054,2108054,2108600,2108856,2107619,2105581,2104300,2104300,2104716,2105539,2106405,2106405,2106349,2106515,2106856,2106856,2107374,2107873,2108802,2108949,2108949,2107272,2105107,2104334,2104744,2104744,2105738,R
2103726,2103726,2103522,2103213,2103354,2103713,2103713,2104138,2104734,2105255,2104682,2104682,2102943,2101550,2101500,2102546,2102546,2103495,2104005,2104404,2104722,2104722,2105423,2106167,2107118,2107908,2107908,2107307,2105755,2104666,2104830,2104830,2105772,2106654,2107130,2107387,2107612,2107612,2108322,2109246,R
2106102,2106379,2106379,2106769,2107049,2107180,2106844,2106844,2104999,2103772,2103453,2103480,2103480,2103732,2103571,2103369,2102963,2102963,2102921,2103282,2104052,2104504,2104504,2103839,2101424,2098849,2097544,2097544,2097145,2096873,2097210,2097803,2097803,2098389,2099571,2100587,2101178,2101178,2101522,2100166,R
2105900,2105900,2106268,2107326,2108250,2108896,2108896,2109469,2109818,2110361,2110878,2110878,2110940,2109794,2108224,2107705,2107705,2107718,2108153,2108313,2108207,2108207,2108260,2108379,2108549,2108693,2108693,2108258,2106415,2105080,2104707,2104707,2105110,2105704,2106078,2106241,2106241,2106350,2106951,2107524,R
2113783,2113783,2113376,2111886,2110590,2110774,2110774,2111496,2112433,2112989,2113279,2113279,2113643,2115020,2115020,2115767,2115767,2116182,2116240,2115584,2113564,2113564,2112396,2112286,2112883,2113235,2113235,2113270,2113179,2113215,2113434,2113434,2113886,2114138,2114419,2114249,2114249,2112861,2111301,2110945,R
2119431,2120017,2120034,2118462,2117399,2117399,2117572,2118314,2119252,2119252,2119850,2119999,2120385,2120782,2121422,2121422,2122235,2122702,2122225,2120625,2120625,2119234,2119076,2119278,2119824,2119824,2119852,2119694,2119467,2119514,2119514,2119884,2120104,2120098,2120098,2118974,2117220,2115876,2115652,2115652,R
