T3-RE-3T:[2734550, 2734067, 2733926, 2733721, 2733663, 2733663, 2733672, 2733914, 2734134, 2734415, 2734415, 2734717, 2735153, 2735556, 2736226, 2736226, 2736239, 2735908, 2735425, 2735074, 2735074, 2734638, 2734351, 2734033, 2733784, 2733784, 2733619, 2733730, 2733925, 2734082, 2734082, 2734375, 2734677, 2735147, 2735589, 2735589, 2736110, 2736204, 2735961, 2735532, 2735532, 2734940, 2734419]
LT-RE-3T:[2832819, 2832819, 2832244, 2831628, 2831261, 2830634, 2830634, 2830098, 2829645, 2829245, 2828813, 2828813, 2828501, 2828410, 2828016, 2827891, 2827891, 2827339, 2826486, 2825292, 2824221, 2824221, 2823156, 2822313, 2821490, 2820788, 2820788, 2820065, 2819573, 2819210, 2818643, 2818643, 2818387, 2818304, 2818139, 2817924, 2817924, 2817853, 2817693, 2816917, 2816100, 2816100, 2815266]
MW-RE-3T:[2795592, 2795049, 2794710, 2794710, 2794585, 2794229, 2794055, 2793504, 2793504, 2792530, 2791165, 2790012, 2788878, 2788878, 2788365, 2787313, 2786641, 2786105, 2786105, 2785526, 2784859, 2784481, 2784217, 2784217, 2783987, 2783520, 2783430, 2783099, 2783099, 2782139, 2780933, 2779591, 2778537, 2778537, 2777790, 2776849, 2776162, 2775365, 2775365, 2775068, 2774441, 2774199, 2773728]
PS-RE-3T:[2829414, 2829055, 2828500, 2828500, 2828188, 2827833, 2827708, 2827434, 2827434, 2827254, 2827246, 2827188, 2827309, 2827309, 2827372, 2827736, 2827800, 2828158, 2828158, 2828077, 2827520, 2826867, 2826243, 2826243, 2825784, 2825415, 2824869, 2824624, 2824624, 2824453, 2824398, 2824329, 2824271, 2824271, 2824566, 2824737, 2824839, 2825240, 2825240, 2825404, 2825214, 2824533, 2823897]
FI-RE-3T:[2785808, 2785808, 2784954, 2784154, 2783490, 2782909, 2782594, 2782594, 2782046, 2781682, 2781458, 2781458, 2781178, 2780674, 2779667, 2778355, 2778355, 2777065, 2775909, 2774920, 2773937, 2772964, 2772964, 2772156, 2771680, 2771075, 2771075, 2770604, 2770114, 2769874, 2769613, 2769613, 2769571, 2769230, 2769151, 2768321, 2768321, 2767374, 2766133, 2764879, 2764168, 2764168, 2763398]
TP-RE-3T:[2817928, 2818087, 2818309, 2818688, 2818688, 2819015, 2819563, 2819870, 2820096, 2820096, 2819738, 2819014, 2818421, 2817817, 2817817, 2817513, 2817240, 2817113, 2817113, 2816836, 2816826, 2816900, 2816951, 2816951, 2817363, 2817737, 2818102, 2818500, 2818500, 2819116, 2819080, 2818591, 2818108, 2818108, 2817593, 2817093, 2816664, 2816417, 2816417, 2816031, 2816060, 2815924, 2815973]
WT-RE-3T:[2738421, 2738901, 2739195, 2739693, 2739693, 2739455, 2738346, 2737210, 2736382, 2736382, 2735511, 2735160, 2734483, 2734214, 2734214, 2734148, 2734107, 2734463, 2734658, 2734658, 2735043, 2735430, 2735948, 2736272, 2736272, 2736714, 2736511, 2735720, 2735051, 2735051, 2734303, 2733495, 2732805, 2732121, 2732121, 2731646, 2731138, 2730814, 2730814, 2730814, 2731037, 2731099, 2731385]
LP-RE-3T:[2699464, 2698514, 2698514, 2697546, 2696515, 2695978, 2695632, 2695632, 2695508, 2695456, 2695572, 2695869, 2695869, 2696190, 2696570, 2697075, 2696571, 2696571, 2695750, 2694636, 2693712, 2692826, 2692826, 2692175, 2691847, 2691503, 2691346, 2691346, 2691270, 2691634, 2691771, 2692282, 2692282, 2692889, 2693186, 2693878, 2694127, 2694127, 2693617, 2692580, 2691517, 2690641, 2690641]
PD-RE-3T:[2775546, 2774464, 2773844, 2773400, 2773400, 2773416, 2773714, 2774191, 2774490, 2774490, 2774673, 2775266, 2775503, 2775773, 2775773, 2775930, 2776164, 2775627, 2774775, 2774775, 2773937, 2773125, 2772404, 2771823, 2771823, 2771452, 2770979, 2770621, 2770566, 2770566, 2770687, 2770890, 2771105, 2771344, 2771344, 2771776, 2772326, 2772863, 2772957, 2772957, 2772619, 2771977, 2771371]
T2-RE-3T:[2791932, 2791202, 2790167, 2789052, 2789052, 2787884, 2786857, 2785776, 2784392, 2784392, 2782357, 2780404, 2778668, 2777188, 2777188, 2775776, 2774284, 2772902, 2771706, 2771706, 2770475, 2769571, 2768548, 2767853, 2767853, 2767071, 2766277, 2765798, 2764383, 2764383, 2762729, 2761043, 2759226, 2757535, 2757535, 2756456, 2754852, 2753550, 2752465, 2752465, 2751538, 2750571, 2749779]
LG-RE-3T:[2765520, 2765520, 2763993, 2762579, 2760982, 2759594, 2759594, 2758154, 2757152, 2755752, 2754912, 2754912, 2753800, 2752920, 2752122, 2751237, 2751237, 2749853, 2748036, 2745908, 2744084, 2744084, 2742257, 2740754, 2739080, 2737449, 2737449, 2736095, 2734957, 2733980, 2732857, 2732857, 2732064, 2731094, 2730401, 2729782, 2729782, 2728961, 2728370, 2726816, 2725159, 2725159, 2723634]
PI-RE-3T:[2647016, 2647080, 2647405, 2647795, 2647795, 2648353, 2649043, 2649713, 2650340, 2650340, 2650787, 2650666, 2649707, 2648775, 2648775, 2648069, 2647539, 2647402, 2647460, 2647460, 2647597, 2647720, 2648134, 2648586, 2648586, 2649293, 2649850, 2650324, 2650324, 2650854, 2651692, 2651651, 2650769, 2650769, 2649749, 2648793, 2648221, 2647910, 2647910, 2647793, 2647686, 2647734, 2647995]
IF-RE-3T:[2738670, 2738670, 2738004, 2737431, 2736996, 2736585, 2736585, 2735630, 2734250, 2732570, 2730899, 2730899, 2729378, 2727887, 2726689, 2725609, 2725609, 2724554, 2723618, 2722917, 2722146, 2722146, 2721623, 2721297, 2720678, 2720265, 2720265, 2719777, 2718521, 2717128, 2715819, 2715819, 2714760, 2714012, 2713320, 2712704, 2712704, 2712278, 2711802, 2711805, 2711636, 2711636, 2711879]
TT-RE-3T:[2680783, 2680239, 2679497, 2679083, 2679083, 2677968, 2676548, 2675014, 2673605, 2673605, 2672284, 2671149, 2670084, 2669428, 2669428, 2668491, 2667953, 2667577, 2666994, 2666994, 2666877, 2666595, 2666525, 2666009, 2666009, 2665106, 2663616, 2662415, 2661354, 2661354, 2660504, 2659774, 2659221, 2658744, 2658744, 2658329, 2658146, 2658021, 2658117, 2658117, 2658142, 2658099, 2658213]
LP-RE-2T:[2645383, 2644632, 2643964, 2643964, 2643155, 2643074, 2642787, 2642739, 2642739, 2642510, 2642598, 2642759, 2643156, 2643156, 2643394, 2643730, 2644114, 2644517, 2644517, 2644436, 2643806, 2643131, 2642554, 2642554, 2642072, 2641943, 2641708, 2641863, 2641863, 2641900, 2642147, 2642591, 2643066, 2643066, 2643377, 2644181, 2644646, 2644942, 2644942, 2644446, 2643873, 2643195, 2642581]
IF-RE-2T:[2793268, 2793268, 2792652, 2792184, 2791659, 2791121, 2791121, 2790069, 2788354, 2786708, 2785471, 2785471, 2784009, 2782781, 2781520, 2780391, 2780391, 2779397, 2778436, 2777484, 2776821, 2776821, 2776016, 2775226, 2774527, 2773854, 2773854, 2772842, 2770923, 2768987, 2767006, 2767006, 2765321, 2763735, 2762182, 2760789, 2760789, 2759343, 2758084, 2757056, 2756023, 2756023, 2755088]
WT-RE-2T:[2725287, 2725287, 2724057, 2723243, 2722482, 2721816, 2721816, 2721545, 2721327, 2721140, 2721313, 2721313, 2721701, 2722308, 2722467, 2723026, 2723026, 2723667, 2724025, 2723855, 2722709, 2722709, 2721448, 2720488, 2719968, 2719610, 2719610, 2719413, 2719274, 2719119, 2719408, 2719408, 2719879, 2720321, 2720793, 2721175, 2721175, 2721808, 2722236, 2722053, 2720852, 2720852, 2719741]
PI-RE-2T:[2684016, 2681473, 2681473, 2678859, 2676387, 2674265, 2672190, 2672190, 2670502, 2668707, 2667227, 2666053, 2666053, 2665047, 2664247, 2663483, 2663097, 2663097, 2662835, 2662765, 2662054, 2660324, 2660324, 2658370, 2656531, 2655034, 2653758, 2653758, 2652800, 2652239, 2651713, 2651479, 2651479, 2651487, 2651445, 2651650, 2651673, 2651673, 2651757, 2652056, 2652378, 2652504, 2652504]
LT-RE-2T:[2720360, 2720360, 2719909, 2719580, 2719056, 2718789, 2718789, 2718777, 2718688, 2718714, 2718812, 2718954, 2718954, 2718999, 2718556, 2717761, 2717043, 2717043, 2716295, 2715764, 2715441, 2715441, 2715206, 2715033, 2714932, 2714949, 2714949, 2715096, 2715327, 2715760, 2716180, 2716180, 2716432, 2716888, 2717073, 2716632, 2716632, 2716146, 2715770, 2715534, 2715563, 2715563, 2715647]
TP-RE-2T:[2828417, 2829320, 2829320, 2829647, 2829616, 2829410, 2828792, 2828792, 2827917, 2827283, 2826677, 2826596, 2826596, 2826619, 2826671, 2826879, 2827083, 2827083, 2827476, 2828162, 2828581, 2828481, 2828481, 2827830, 2827366, 2826824, 2826543, 2826543, 2826257, 2826300, 2825940, 2825996, 2825996, 2826199, 2826391, 2826783, 2827055, 2827055, 2827577, 2827921, 2828243, 2828201, 2828201]
TT-RE-2T:[2753942, 2752129, 2749825, 2749825, 2747708, 2745697, 2744132, 2742715, 2742715, 2741026, 2739697, 2738632, 2737500, 2737500, 2736873, 2736118, 2735193, 2734634, 2734634, 2734133, 2733593, 2732848, 2731232, 2731232, 2729247, 2727693, 2726126, 2724520, 2724520, 2723329, 2722152, 2721338, 2720629, 2720629, 2720053, 2719552, 2719354, 2718975, 2718975, 2718818, 2718596, 2717918, 2716483]
PS-RE-2T:[2752649, 2752219, 2751686, 2751686, 2751456, 2750925, 2750739, 2750432, 2750432, 2749128, 2747378, 2745810, 2744542, 2744542, 2743287, 2742303, 2741485, 2740728, 2740728, 2740185, 2739851, 2739661, 2739628, 2739628, 2739563, 2739600, 2739760, 2739395, 2739395, 2738201, 2736520, 2734903, 2733355, 2733355, 2732257, 2731391, 2730653, 2729948, 2729948, 2729463, 2729277, 2729461, 2729674]
FI-RE-2T:[2746600, 2746446, 2745480, 2743816, 2743816, 2742394, 2740924, 2739628, 2738887, 2738887, 2738217, 2737758, 2737314, 2736860, 2736860, 2736765, 2736854, 2737137, 2737321, 2737321, 2737289, 2737330, 2736504, 2735254, 2735254, 2733998, 2732828, 2732038, 2731590, 2731590, 2731100, 2730628, 2730418, 2730594, 2730594, 2730444, 2730832, 2731000, 2731263, 2731263, 2731565, 2731760, 2731720]
PD-RE-2T:[2789172, 2789344, 2789344, 2789235, 2789307, 2788720, 2787585, 2787585, 2785857, 2784375, 2782831, 2781771, 2781771, 2780859, 2779918, 2779174, 2778543, 2778543, 2778079, 2778032, 2777754, 2777756, 2777756, 2777695, 2777799, 2778053, 2778023, 2778023, 2777216, 2775711, 2774331, 2773136, 2773136, 2772038, 2771424, 2770515, 2769994, 2769994, 2769577, 2769219, 2769115, 2769102, 2769102]
MW-RE-2T:[2726283, 2723931, 2723931, 2721621, 2719628, 2717913, 2716564, 2716564, 2715329, 2714206, 2713144, 2712530, 2712530, 2711930, 2711591, 2711358, 2711314, 2711314, 2711145, 2710532, 2708667, 2706572, 2706572, 2704694, 2703099, 2702137, 2701522, 2701522, 2700906, 2700565, 2700527, 2700900, 2700900, 2701280, 2701357, 2701951, 2702480, 2702480, 2702974, 2702163, 2700268, 2698467, 2698467]
LG-RE-2T:[2736129, 2734227, 2734227, 2732283, 2730352, 2728745, 2727611, 2727611, 2726427, 2725524, 2724470, 2723676, 2723676, 2722972, 2721501, 2719077, 2716635, 2716635, 2714554, 2712657, 2711235, 2709636, 2709636, 2708079, 2707120, 2706158, 2705504, 2705504, 2704905, 2704364, 2703889, 2703549, 2703549, 2703096, 2701366, 2699156, 2697087, 2697087, 2695229, 2693761, 2692503, 2691331, 2691331]
T2-RE-2T:[2712258, 2713580, 2713580, 2714338, 2714127, 2713658, 2713111, 2713111, 2712563, 2711773, 2710283, 2708033, 2708033, 2705747, 2703489, 2701716, 2700119, 2700119, 2698892, 2697885, 2696999, 2696278, 2696278, 2696090, 2695918, 2695612, 2695628, 2695628, 2695213, 2695245, 2694037, 2692029, 2692029, 2689952, 2687863, 2686485, 2685317, 2685317, 2684192, 2683040, 2682462, 2682134, 2682134]
T3-RE-2T:[2651703, 2652750, 2652750, 2653878, 2655491, 2656401, 2657366, 2657366, 2658023, 2658827, 2659517, 2660108, 2660108, 2660870, 2662113, 2662733, 2662937, 2662937, 2662612, 2662244, 2662013, 2662283, 2662283, 2662241, 2661780, 2661807, 2661948, 2661948, 2662491, 2663069, 2663396, 2664121, 2664121, 2664414, 2664909, 2664001, 2662775, 2662775, 2661562, 2660529, 2660030, 2659240, 2659240]
PI-RE-1T:[2703620, 2703819, 2703543, 2702348, 2702348, 2700973, 2699878, 2699002, 2698430, 2698430, 2698091, 2697550, 2697450, 2697455, 2697455, 2697715, 2698029, 2698303, 2698516, 2698516, 2698968, 2699406, 2698978, 2697661, 2697661, 2696358, 2695367, 2694470, 2694470, 2693801, 2693481, 2693234, 2693028, 2693028, 2693122, 2693416, 2693553, 2693810, 2693810, 2694072, 2694560, 2695054, 2695125]
PD-RE-1T:[2802822, 2803225, 2803225, 2803348, 2802605, 2800840, 2799591, 2799591, 2798353, 2797279, 2796683, 2795632, 2795632, 2795200, 2794751, 2794536, 2794479, 2794479, 2794268, 2794404, 2794597, 2794756, 2794756, 2795051, 2794977, 2793501, 2792102, 2792102, 2790881, 2789850, 2789334, 2788734, 2788734, 2787982, 2787657, 2787239, 2787230, 2787230, 2787169, 2787310, 2787600, 2788025, 2788025]
IF-RE-1T:[2779656, 2778289, 2776867, 2775811, 2774138, 2774138, 2771303, 2768168, 2765267, 2762648, 2762648, 2760478, 2758356, 2756257, 2754388, 2754388, 2752607, 2751281, 2750123, 2749188, 2749188, 2748188, 2747264, 2746535, 2745514, 2745514, 2743251, 2740884, 2738785, 2736833, 2736833, 2735642, 2734321, 2733031, 2731936, 2731936, 2730974, 2730268, 2729726, 2729206, 2729206, 2728787, 2728505]
T2-RE-1T:[2720009, 2717923, 2717923, 2716015, 2714845, 2714224, 2713204, 2713204, 2711886, 2710590, 2709583, 2708648, 2708648, 2707764, 2706958, 2706687, 2705881, 2705881, 2705127, 2704175, 2702261, 2699887, 2699887, 2697982, 2695731, 2693741, 2691830, 2691830, 2690054, 2688431, 2687140, 2685879, 2685879, 2685376, 2684756, 2684606, 2684196, 2684196, 2683447, 2682673, 2681300, 2679425, 2679425]
T3-RE-1T:[2695153, 2694853, 2694680, 2694391, 2694391, 2694294, 2694214, 2694202, 2693863, 2693863, 2692669, 2691286, 2690005, 2688798, 2688798, 2687916, 2687182, 2686561, 2685879, 2685879, 2685433, 2685071, 2685202, 2685020, 2685020, 2685561, 2686186, 2686868, 2687325, 2687325, 2686777, 2685918, 2684624, 2683384, 2683384, 2682961, 2683079, 2682798, 2682793, 2682793, 2683042, 2683290, 2684080]
MW-RE-1T:[2748603, 2747790, 2746969, 2746969, 2746102, 2745500, 2744991, 2744615, 2744615, 2744352, 2744015, 2743829, 2743803, 2743803, 2743765, 2743295, 2742336, 2742336, 2741141, 2739950, 2738936, 2737894, 2737894, 2737170, 2736303, 2735587, 2735099, 2735099, 2734749, 2734221, 2733927, 2733582, 2733582, 2733472, 2733386, 2732746, 2731562, 2731562, 2730498, 2729375, 2728485, 2727722, 2727722]
TP-RE-1T:[2835585, 2834520, 2833767, 2833767, 2832963, 2831911, 2829868, 2827592, 2827592, 2825617, 2824039, 2822580, 2821157, 2821157, 2819746, 2818515, 2817447, 2816809, 2816809, 2816228, 2815558, 2815369, 2815041, 2815041, 2814601, 2813308, 2811402, 2809770, 2809770, 2808379, 2807455, 2806593, 2805503, 2805503, 2804771, 2804236, 2804175, 2804089, 2804089, 2804055, 2804050, 2804277, 2804237]
LG-RE-1T:[2761202, 2760507, 2758843, 2756695, 2754591, 2754591, 2752567, 2750696, 2749285, 2747761, 2747761, 2746369, 2745179, 2743900, 2742997, 2742997, 2742078, 2741394, 2740684, 2739875, 2739875, 2738345, 2736337, 2734577, 2733107, 2733107, 2731965, 2730778, 2729653, 2728633, 2728633, 2727662, 2726992, 2726468, 2726468, 2725958, 2725421, 2725025, 2724445, 2722870, 2722870, 2721132, 2719667]
LT-RE-1T:[2790024, 2790871, 2790871, 2791364, 2792435, 2793499, 2794519, 2794519, 2796504, 2797052, 2797456, 2797456, 2797895, 2798314, 2798846, 2799529, 2799529, 2800256, 2801381, 2802333, 2803243, 2803243, 2804269, 2804194, 2803550, 2802876, 2802876, 2802686, 2802496, 2802718, 2802755, 2802755, 2802822, 2803007, 2803367, 2803953, 2803953, 2804394, 2804970, 2805757, 2806474, 2806474, 2806648]
FI-RE-1T:[2744939, 2745890, 2746978, 2747851, 2747851, 2748373, 2748080, 2747672, 2747652, 2747652, 2747636, 2747941, 2747790, 2747926, 2747926, 2748201, 2748610, 2749443, 2750082, 2750082, 2750574, 2751373, 2752051, 2751876, 2751876, 2751167, 2750459, 2749983, 2749786, 2749786, 2749470, 2749289, 2749072, 2749309, 2749309, 2749567, 2750050, 2750378, 2751053, 2751053, 2751619, 2752196, 2751870]
PS-RE-1T:[2763635, 2763635, 2762944, 2762287, 2761501, 2761150, 2761150, 2760882, 2760785, 2760723, 2760891, 2760891, 2761155, 2761784, 2762406, 2763192, 2763192, 2763943, 2764780, 2765786, 2766381, 2766381, 2765886, 2764934, 2764346, 2763664, 2763664, 2763404, 2763003, 2762843, 2763046, 2763046, 2763199, 2763429, 2763897, 2764563, 2764563, 2765217, 2766137, 2766995, 2767554, 2767554, 2767755]
WT-RE-1T:[2726071, 2726071, 2724831, 2723760, 2723085, 2722506, 2722506, 2721884, 2721358, 2720912, 2720949, 2720949, 2721029, 2721302, 2721600, 2721803, 2721803, 2721557, 2720783, 2719523, 2718324, 2718324, 2717588, 2717060, 2716656, 2716398, 2716398, 2716188, 2716328, 2716541, 2716961, 2716961, 2717425, 2717836, 2718392, 2718584, 2718584, 2717917, 2716699, 2715860, 2715149, 2715149, 2714766]
TT-RE-1T:[2725299, 2724862, 2724622, 2724472, 2724412, 2724412, 2724065, 2723134, 2721686, 2720398, 2720398, 2719249, 2718567, 2717753, 2716838, 2716838, 2716113, 2715626, 2715228, 2714874, 2714874, 2714700, 2714454, 2714321, 2714446, 2714446, 2713889, 2712643, 2711042, 2709547, 2709547, 2708259, 2707255, 2706244, 2705423, 2705423, 2704779, 2704193, 2703855, 2703661, 2703661, 2703449, 2703544]
LP-RE-1T:[2716892, 2716892, 2717463, 2717994, 2718432, 2718552, 2718552, 2718060, 2717270, 2716694, 2716552, 2716552, 2716696, 2716888, 2717005, 2717463, 2717463, 2718085, 2718922, 2719859, 2720748, 2720748, 2721673, 2722429, 2722641, 2722555, 2722555, 2722481, 2722602, 2722775, 2723123, 2723123, 2723270, 2723476, 2723941, 2724552, 2724552, 2725410, 2726197, 2727211, 2728303, 2728303, 2728663]