T3-RE-3T:[2472434, 2472434, 2472319, 2472312, 2472312, 2472049, 2471713, 2471351, 2471134, 2471134, 2470970, 2471060, 2471111, 2471222, 2471222, 2471133, 2471140, 2471120, 2471120, 2471145, 2471271, 2471303, 2471379, 2471027, 2471027, 2470682, 2470274, 2470026, 2469730, 2469730, 2469515, 2469503, 2469328, 2469128, 2469128, 2469099, 2469050, 2469010, 2469010, 2469040, 2469048, 2469091, 2469147]
LT-RE-3T:[2461264, 2461255, 2461255, 2461177, 2461242, 2461203, 2461203, 2461404, 2461771, 2462108, 2462410, 2462410, 2462342, 2461719, 2461090, 2460433, 2460433, 2460122, 2459857, 2459785, 2459640, 2459640, 2459668, 2459703, 2459878, 2459904, 2459904, 2460451, 2460828, 2461186, 2461186, 2460871, 2460159, 2459592, 2459592, 2458882, 2458692, 2458545, 2458523, 2458523, 2458533, 2458597, 2458698]
MW-RE-3T:[2440926, 2440926, 2440971, 2441106, 2441171, 2441324, 2441324, 2441691, 2442268, 2442609, 2443150, 2443150, 2443707, 2444385, 2445129, 2445722, 2445722, 2445743, 2445266, 2445007, 2444666, 2444599, 2444599, 2444688, 2444950, 2445078, 2446097, 2446794, 2447366, 2447366, 2448409, 2449229, 2449229, 2449955, 2450368, 2450203, 2450203, 2449814, 2449643, 2449629, 2449715, 2449715, 2449863]
PS-RE-3T:[2456661, 2456626, 2456726, 2456799, 2457048, 2457048, 2457380, 2457513, 2457159, 2456517, 2456517, 2455480, 2455167, 2454914, 2454914, 2454755, 2454824, 2454764, 2454764, 2454859, 2455244, 2455589, 2456075, 2456075, 2456080, 2455889, 2455478, 2454674, 2454585, 2454359, 2454407, 2454482, 2454517, 2454714, 2455008, 2455008, 2455284, 2455714, 2456078, 2456317, 2456317, 2456699, 2456885]
FI-RE-3T:[2467950, 2467568, 2467568, 2467561, 2467540, 2467775, 2467929, 2467929, 2468185, 2468289, 2468942, 2469360, 2469708, 2470380, 2470380, 2470362, 2470292, 2470110, 2470110, 2470289, 2470484, 2470636, 2470888, 2470888, 2471001, 2471769, 2471951, 2471951, 2472495, 2472781, 2473043, 2473047, 2473047, 2472706, 2472518, 2472603, 2472627, 2472627, 2472650, 2472797, 2472890, 2473164, 2473164]
TP-RE-3T:[2479004, 2479073, 2478879, 2478879, 2478549, 2478025, 2477791, 2477791, 2477763, 2477849, 2477936, 2477936, 2477800, 2478058, 2478309, 2478309, 2478294, 2477973, 2477528, 2477405, 2477405, 2477050, 2477048, 2477048, 2477161, 2477059, 2477271, 2477271, 2477458, 2477498, 2477444, 2477051, 2477051, 2476843, 2476614, 2476430, 2476634, 2476634, 2476541, 2476537, 2476552, 2476760, 2476760]
WT-RE-3T:[2476035, 2476317, 2476405, 2476405, 2476512, 2476694, 2476830, 2476950, 2476950, 2477208, 2477384, 2477659, 2478002, 2478007, 2477878, 2477785, 2477765, 2477647, 2478278, 2478448, 2478994, 2479234, 2479606, 2480006, 2480006, 2479811, 2479600, 2479705, 2480099, 2480208, 2480208, 2480433, 2480700, 2481019, 2481345, 2481345, 2481703, 2482017, 2481900, 2481900, 2481674, 2481387, 2481402]
LP-RE-3T:[2466574, 2466731, 2465552, 2464845, 2464540, 2464486, 2464418, 2464466, 2464570, 2464856, 2465009, 2465388, 2465539, 2465348, 2464801, 2464234, 2463672, 2463239, 2462877, 2462834, 2462703, 2462569, 2462569, 2462535, 2462736, 2462823, 2462823, 2462924, 2462832, 2461076, 2460534, 2460003, 2460033, 2459941, 2460154, 2460301, 2460552, 2460739, 2461157, 2461328, 2461945, 2462087, 2461665]
PD-RE-3T:[2458448, 2458722, 2459035, 2459340, 2459606, 2459707, 2460098, 2460606, 2460718, 2460568, 2460357, 2460149, 2460010, 2460093, 2460150, 2460500, 2460500, 2460934, 2461310, 2461816, 2462353, 2462672, 2462558, 2462357, 2462055, 2461768, 2461777, 2461808, 2462138, 2462142, 2462304, 2462718, 2463057, 2463422, 2463758, 2463825, 2463579, 2463486, 2463053, 2462682, 2462793, 2462946, 2462993]
T2-RE-3T:[2484783, 2484053, 2484135, 2483453, 2482761, 2482401, 2482321, 2482183, 2481975, 2481889, 2481867, 2481726, 2481842, 2481931, 2481847, 2481411, 2481058, 2480235, 2479768, 2479472, 2479358, 2479392, 2479400, 2479370, 2479329, 2479453, 2479454, 2479134, 2478670, 2478149, 2477681, 2477014, 2476834, 2476610, 2476500, 2476195, 2476094, 2476086, 2476129, 2476258, 2476273, 2476490, 2476473]
LG-RE-3T:[2462946, 2463342, 2463210, 2462943, 2462813, 2462422, 2462598, 2462584, 2462705, 2462794, 2463041, 2463353, 2463662, 2463920, 2464372, 2464791, 2465306, 2465663, 2466155, 2466476, 2466784, 2466552, 2466406, 2466221, 2466073, 2466128, 2466419, 2466529, 2466737, 2466845, 2467336, 2467577, 2467929, 2468338, 2468889, 2469329, 2469799, 2470269, 2470775, 2470901, 2470733, 2470640, 2470680]
PI-RE-3T:[2444772, 2444568, 2444472, 2444526, 2444641, 2444820, 2445045, 2445471, 2445868, 2446216, 2446068, 2445738, 2445182, 2444933, 2444749, 2445017, 2444848, 2444991, 2445070, 2445440, 2445927, 2446209, 2446642, 2447213, 2447628, 2448157, 2448674, 2449233, 2449180, 2449250, 2448756, 2448451, 2448399, 2448648, 2448653, 2448679, 2448712, 2449147, 2449349, 2449848, 2450263, 2450741, 2451449]
IF-RE-3T:[2480391, 2480391, 2480869, 2481337, 2481139, 2481139, 2480963, 2480648, 2480417, 2480417, 2480729, 2480923, 2481058, 2481374, 2481488, 2481488, 2481965, 2482178, 2482396, 2482516, 2482516, 2482429, 2482085, 2481926, 2481843, 2481878, 2481735, 2481758, 2481758, 2481980, 2482081, 2482654, 2482654, 2482654, 2483024, 2483101, 2483429, 2483563, 2483563, 2483091, 2482413, 2482120, 2482120]
TT-RE-3T:[2486265, 2486299, 2486299, 2486386, 2486555, 2486600, 2486600, 2486620, 2486891, 2487102, 2487442, 2487442, 2487797, 2488093, 2488411, 2488580, 2488580, 2488303, 2488002, 2487717, 2487603, 2487603, 2487487, 2487490, 2487505, 2487439, 2487836, 2487836, 2487955, 2488129, 2488529, 2488529, 2488859, 2489344, 2489660, 2489995, 2489995, 2489770, 2489481, 2489233, 2488824, 2488824, 2488553]
LP-RE-2T:[2488439, 2488875, 2489386, 2489386, 2489755, 2489584, 2489537, 2489326, 2489326, 2489036, 2488948, 2489150, 2489256, 2489256, 2489416, 2489593, 2489854, 2489979, 2489979, 2490245, 2490456, 2490959, 2491335, 2491335, 2491502, 2491137, 2490935, 2490679, 2490679, 2490454, 2490513, 2490618, 2490707, 2490824, 2490824, 2491072, 2491243, 2491403, 2491403, 2491876, 2492213, 2493064, 2493064]
IF-RE-2T:[2479390, 2479096, 2479096, 2478788, 2478220, 2478256, 2478256, 2478375, 2478375, 2478422, 2478519, 2478519, 2478855, 2479279, 2479458, 2479986, 2479986, 2480114, 2480038, 2479709, 2479401, 2479401, 2479194, 2478983, 2478967, 2478977, 2478977, 2479326, 2479270, 2479441, 2479697, 2479697, 2480091, 2480509, 2481042, 2481392, 2481392, 2481724, 2481376, 2481105, 2480783, 2480783, 2480342]
WT-RE-2T:[2495306, 2495306, 2495015, 2495068, 2494760, 2494240, 2494240, 2493945, 2493298, 2493298, 2493387, 2493387, 2493232, 2492105, 2492105, 2491342, 2491342, 2490658, 2489665, 2489665, 2489365, 2489365, 2489071, 2488975, 2488771, 2488828, 2488749, 2488885, 2488816, 2488539, 2488539, 2487841, 2486577, 2486227, 2486227, 2485697, 2485623, 2485439, 2485439, 2485411, 2485371, 2485492, 2485618]
PI-RE-2T:[2477574, 2477610, 2477735, 2477865, 2478099, 2478290, 2478694, 2478970, 2479417, 2479417, 2479804, 2480478, 2480954, 2481479, 2481513, 2481088, 2480671, 2480671, 2480671, 2480578, 2480692, 2480778, 2481123, 2481349, 2481556, 2481914, 2482254, 2482254, 2482680, 2483210, 2483778, 2484302, 2484302, 2484806, 2484701, 2484475, 2484063, 2484063, 2483770, 2483576, 2483583, 2483654, 2483654]
LT-RE-2T:[2500232, 2500517, 2500805, 2500805, 2501269, 2501797, 2502244, 2502319, 2502319, 2502249, 2501886, 2501512, 2501210, 2501210, 2501142, 2501321, 2501365, 2501456, 2501456, 2501726, 2501726, 2502118, 2502297, 2502297, 2502757, 2502963, 2503527, 2503914, 2503914, 2504232, 2503922, 2503585, 2503216, 2503216, 2503003, 2502899, 2503056, 2503033, 2503033, 2503156, 2503229, 2503401, 2503722]
TP-RE-2T:[2488894, 2488779, 2488553, 2488530, 2488530, 2488650, 2488808, 2488934, 2489049, 2489049, 2489289, 2489524, 2489904, 2490266, 2490266, 2490329, 2490172, 2489885, 2489345, 2489345, 2489072, 2489063, 2488816, 2488902, 2488902, 2488966, 2489118, 2489249, 2489312, 2489312, 2489741, 2489243, 2488944, 2489426, 2489604, 2490170, 2489352, 2489161, 2489161, 2488958, 2488800, 2488631, 2488634]
TT-RE-2T:[2481071, 2481071, 2480715, 2480174, 2479558, 2478998, 2478998, 2478629, 2478304, 2478341, 2478395, 2477678, 2477049, 2476409, 2476409, 2476030, 2475806, 2475386, 2475375, 2475393, 2475624, 2475819, 2475819, 2476078, 2476239, 2476170, 2475792, 2474253, 2473109, 2473109, 2472899, 2472629, 2472465, 2472928, 2472928, 2472985, 2473329, 2474127, 2474127, 2474685, 2472176, 2471811, 2471579]
PS-RE-2T:[2487661, 2487795, 2490155, 2491026, 2490710, 2490233, 2490278, 2490299, 2490247, 2490230, 2490454, 2491493, 2491747, 2491747, 2491745, 2491190, 2489563, 2489699, 2490033, 2490407, 2490437, 2490437, 2489822, 2488089, 2487760, 2487902, 2488311, 2488901, 2488799, 2486987, 2486492, 2487251, 2487649, 2489047, 2489308, 2488825, 2487718, 2486561, 2487110, 2490492, 2488876, 2489176, 2489433]
FI-RE-2T:[2496723, 2497218, 2495066, 2494876, 2494875, 2495211, 2495844, 2496129, 2496295, 2496295, 2495721, 2494055, 2493530, 2493980, 2494439, 2494439, 2495052, 2495651, 2496070, 2496577, 2495425, 2495004, 2494518, 2494074, 2494061, 2494061, 2494002, 2493908, 2493999, 2493999, 2494647, 2495316, 2495650, 2496111, 2497072, 2497072, 2497537, 2497441, 2497133, 2496739, 2496739, 2496329, 2495869]
PD-RE-2T:[2483463, 2483898, 2483898, 2484096, 2484096, 2484302, 2484644, 2485220, 2485657, 2486240, 2486240, 2486665, 2486173, 2485755, 2485755, 2485270, 2484930, 2484756, 2484977, 2484977, 2485098, 2485177, 2485604, 2485604, 2485781, 2486345, 2486824, 2487475, 2487475, 2488008, 2488370, 2488494, 2488163, 2488163, 2487805, 2487497, 2487376, 2487529, 2487529, 2487712, 2488019, 2488390, 2488630]
MW-RE-2T:[2514198, 2514396, 2514626, 2515106, 2515106, 2515541, 2516013, 2515580, 2515390, 2515305, 2515350, 2515406, 2515406, 2515593, 2515696, 2515860, 2515999, 2515999, 2516443, 2516314, 2515857, 2515857, 2515414, 2515301, 2515276, 2515276, 2515166, 2515399, 2515519, 2515599, 2515599, 2515860, 2516028, 2516294, 2516033, 2515612, 2515129, 2514791, 2514424, 2514424, 2514445, 2514432, 2514244]
LG-RE-2T:[2523889, 2523349, 2523349, 2523072, 2522711, 2522340, 2521938, 2521938, 2521786, 2521791, 2521625, 2521098, 2521098, 2520078, 2519238, 2518073, 2517076, 2517076, 2516387, 2516030, 2515595, 2515038, 2515038, 2514598, 2514224, 2514061, 2513863, 2513863, 2513684, 2512924, 2511671, 2510383, 2510383, 2509480, 2508359, 2507464, 2507034, 2507034, 2506173, 2505707, 2505209, 2504632, 2504632]
T2-RE-2T:[2481968, 2482559, 2482467, 2482118, 2481962, 2481794, 2481686, 2481686, 2482363, 2482363, 2482480, 2483215, 2483613, 2483684, 2483114, 2482678, 2482140, 2482050, 2482050, 2482120, 2482120, 2482226, 2482377, 2482741, 2482985, 2483418, 2483558, 2484088, 2484385, 2484032, 2483572, 2483304, 2482944, 2482676, 2482556, 2482571, 2482571, 2482532, 2482601, 2482792, 2482951, 2482951, 2483335]
T3-RE-2T:[2476171, 2476406, 2476801, 2477053, 2477160, 2477160, 2476736, 2475898, 2475195, 2474713, 2474713, 2474434, 2474161, 2474121, 2473938, 2473938, 2474158, 2474158, 2474423, 2474652, 2474652, 2475039, 2475458, 2475904, 2476379, 2476379, 2476131, 2475545, 2474926, 2474429, 2474429, 2473805, 2473805, 2473686, 2473750, 2473750, 2473786, 2473919, 2474120, 2474400, 2474400, 2474864, 2475249]
PI-RE-1T:[2472298, 2472066, 2472066, 2471478, 2470744, 2470027, 2469577, 2469577, 2469331, 2469365, 2469394, 2469206, 2469206, 2469334, 2469500, 2469860, 2470296, 2470296, 2471086, 2471086, 2470907, 2470297, 2470297, 2469414, 2468809, 2468353, 2467944, 2467944, 2467818, 2467888, 2467818, 2467784, 2467784, 2467948, 2468374, 2468700, 2469145, 2469145, 2469443, 2469972, 2470517, 2470223, 2470223]
PD-RE-1T:[2495444, 2495444, 2498550, 2498550, 2499201, 2499330, 2499200, 2498945, 2498945, 2499003, 2499310, 2499438, 2499786, 2499786, 2500083, 2500308, 2500798, 2501419, 2501419, 2501956, 2502497, 2503015, 2503668, 2503668, 2504135, 2503995, 2503714, 2503557, 2503557, 2503729, 2503729, 2504051, 2504228, 2504228, 2504388, 2504776, 2505102, 2505391, 2505391, 2505890, 2506409, 2506939, 2507364]
IF-RE-1T:[2508089, 2508422, 2508422, 2508776, 2509014, 2508827, 2508853, 2508853, 2508589, 2508569, 2508683, 2508761, 2508761, 2508956, 2509166, 2509462, 2509861, 2510280, 2510974, 2511147, 2510695, 2510246, 2510058, 2509965, 2510161, 2510164, 2510164, 2510308, 2510599, 2510892, 2510892, 2511224, 2511842, 2511989, 2512144, 2510898, 2510898, 2510779, 2510538, 2510595, 2510494, 2510653, 2511406]
T2-RE-1T:[2498415, 2498613, 2499151, 2499151, 2499201, 2499455, 2495393, 2495361, 2494984, 2494713, 2495029, 2495029, 2493866, 2493142, 2493142, 2491823, 2491616, 2491038, 2491136, 2491377, 2491694, 2490560, 2490560, 2490203, 2489888, 2489888, 2489994, 2490196, 2490377, 2491447, 2491447, 2491285, 2488225, 2488181, 2488181, 2488617, 2488617, 2489279, 2489279, 2490035, 2488785, 2488785, 2488137]
T3-RE-1T:[2500252, 2500112, 2499388, 2498567, 2497813, 2497813, 2497205, 2496902, 2496135, 2496135, 2496022, 2495723, 2495502, 2495502, 2495543, 2495668, 2495622, 2495660, 2495660, 2495043, 2493442, 2492677, 2492677, 2492180, 2491757, 2491500, 2491117, 2491117, 2490863, 2490864, 2490652, 2490823, 2490823, 2491029, 2491223, 2491402, 2491443, 2491443, 2490716, 2489919, 2489163, 2488574, 2488574]
MW-RE-1T:[2528749, 2528390, 2528378, 2528380, 2528411, 2528630, 2528630, 2528864, 2529148, 2529819, 2529819, 2529970, 2529916, 2529543, 2529116, 2529116, 2528897, 2528892, 2528931, 2528937, 2530123, 2530391, 2530353, 2529897, 2529408, 2528874, 2528874, 2528874, 2528563, 2528451, 2528170, 2528310, 2528310, 2528325, 2528432, 2528846, 2529068, 2529361, 2529477, 2529250, 2528800, 2528800, 2528204]
TP-RE-1T:[2527858, 2527551, 2527507, 2527375, 2527375, 2527376, 2527349, 2527486, 2527486, 2527667, 2527796, 2528107, 2528173, 2528173, 2528088, 2527903, 2527626, 2527648, 2527648, 2527682, 2527313, 2527110, 2526984, 2526889, 2526889, 2527130, 2527286, 2527493, 2527493, 2527946, 2528341, 2528187, 2527955, 2527785, 2527785, 2527712, 2527511, 2527562, 2527562, 2527526, 2527552, 2527640, 2527862]
LG-RE-1T:[2506249, 2506249, 2506657, 2506996, 2507291, 2507736, 2507736, 2507896, 2507786, 2507275, 2506656, 2506656, 2506255, 2506120, 2505894, 2505815, 2505815, 2505850, 2505938, 2506076, 2506368, 2506368, 2506598, 2506819, 2507181, 2507674, 2507674, 2508178, 2508663, 2508663, 2508450, 2508450, 2508021, 2507426, 2507426, 2507368, 2507368, 2507414, 2507638, 2507836, 2507905, 2507905, 2507901]
LT-RE-1T:[2508793, 2508793, 2508676, 2508614, 2508206, 2508421, 2508421, 2508342, 2508402, 2508467, 2508615, 2508615, 2508859, 2508091, 2508091, 2507657, 2507657, 2507168, 2506707, 2506422, 2506346, 2506346, 2506200, 2506061, 2505941, 2506109, 2506109, 2506181, 2506472, 2506670, 2506578, 2506578, 2506104, 2505451, 2504964, 2504502, 2504502, 2504141, 2503798, 2503665, 2503530, 2503530, 2503373]
FI-RE-1T:[2506371, 2506565, 2507011, 2507504, 2507504, 2507787, 2507598, 2507125, 2506929, 2506929, 2506802, 2506603, 2506536, 2506584, 2506584, 2506693, 2506998, 2507164, 2507164, 2507446, 2507888, 2508131, 2508545, 2508545, 2508415, 2508081, 2507139, 2507139, 2507139, 2507100, 2506968, 2506734, 2506984, 2507105, 2507105, 2507222, 2507528, 2507528, 2507852, 2508191, 2508501, 2508638, 2508107]
PS-RE-1T:[2521702, 2522028, 2522166, 2522277, 2522103, 2522016, 2522016, 2522041, 2522060, 2522091, 2521683, 2521683, 2520984, 2520440, 2519949, 2519582, 2519582, 2519365, 2519212, 2519128, 2519033, 2519033, 2518964, 2518930, 2519091, 2519101, 2519101, 2519227, 2518892, 2518349, 2517532, 2517532, 2516805, 2515830, 2515830, 2515730, 2515730, 2515384, 2515115, 2515072, 2515068, 2515068, 2514945]
WT-RE-1T:[2498329, 2498237, 2498010, 2498010, 2497988, 2497791, 2497646, 2497874, 2497874, 2497717, 2498169, 2498169, 2498349, 2498474, 2498474, 2498322, 2497786, 2497197, 2496735, 2496559, 2496428, 2496495, 2496495, 2496194, 2496163, 2495998, 2496260, 2496454, 2496944, 2497138, 2495129, 2494609, 2494477, 2494344, 2494392, 2495136, 2493551, 2492555, 2492555, 2491951, 2491952, 2491952, 2492005]
TT-RE-1T:[2491020, 2490840, 2490636, 2490844, 2490931, 2490931, 2490956, 2491066, 2491488, 2491715, 2491715, 2492099, 2492453, 2492960, 2493300, 2493300, 2493578, 2493251, 2492557, 2492067, 2492067, 2491543, 2491118, 2491137, 2490952, 2490952, 2491088, 2491318, 2491477, 2491477, 2491733, 2492175, 2492651, 2492856, 2492856, 2492419, 2491180, 2491180, 2490916, 2490916, 2490719, 2490654, 2490711]
LP-RE-1T:[2482765, 2483383, 2483383, 2484047, 2484881, 2485290, 2485150, 2485150, 2484297, 2483934, 2483946, 2483946, 2484750, 2485582, 2486660, 2487789, 2487631, 2487165, 2486077, 2486280, 2486280, 2487805, 2487697, 2486600, 2486753, 2486917, 2486917, 2487112, 2487807, 2488229, 2488229, 2488799, 2487983, 2487212, 2487612, 2487586, 2487920, 2488088, 2489616, 2489437, 2488926, 2489205, 2489551]