T3-RE-3T:[3140086, 3140599, 3141223, 3141223, 3141952, 3142768, 3143835, 3145147, 3145147, 3146255, 3147693, 3146943, 3144534, 3144534, 3142321, 3140776, 3139788, 3139108, 3139108, 3138270, 3136894, 3136894, 3136894, 3136894, 3137013, 3137421, 3138047, 3138609, 3138609, 3139505, 3141612, 3141612, 3142675, 3142675, 3143598, 3141962, 3139105, 3136409, 3136409, 3134212, 3132799, 3131412, 3130178]
LT-RE-3T:[3216073, 3217025, 3215900, 3213341, 3213341, 3213341, 3213269, 3213158, 3213252, 3213467, 3213467, 3213781, 3214274, 3215286, 3216130, 3216130, 3217269, 3218564, 3219832, 3221345, 3221345, 3222866, 3224018, 3225508, 3225263, 3225263, 3223673, 3222455, 3221518, 3221518, 3221518, 3221458, 3221475, 3221277, 3221156, 3221156, 3221716, 3222434, 3223150, 3224185, 3224185, 3225143, 3226365]
MW-RE-3T:[3224067, 3225588, 3227311, 3228819, 3230079, 3230079, 3231884, 3232160, 3229890, 3229890, 3227559, 3226030, 3224228, 3224228, 3224228, 3224105, 3223730, 3223739, 3224203, 3224203, 3229355, 3229355, 3229355, 3229355, 3229355, 3230656, 3232324, 3234194, 3236153, 3236153, 3239834, 3239834, 3241122, 3240792, 3240792, 3239992, 3239571, 3239099, 3238648, 3238648, 3239115, 3239619, 3239809]
PS-RE-3T:[3263113, 3262726, 3262147, 3262067, 3261820, 3261820, 3261751, 3262207, 3262611, 3263158, 3263158, 3261693, 3258254, 3254153, 3251053, 3251053, 3248072, 3245614, 3243464, 3241414, 3241414, 3239530, 3237516, 3237516, 3237516, 3237516, 3237455, 3237509, 3237748, 3238508, 3238508, 3239101, 3240000, 3240949, 3242226, 3242226, 3241380, 3238396, 3235568, 3233442, 3233442, 3231505, 3230031]
FI-RE-3T:[3239771, 3240436, 3241239, 3241738, 3241738, 3242890, 3243783, 3242814, 3240186, 3240186, 3237234, 3235199, 3233458, 3232157, 3232157, 3230582, 3229274, 3228094, 3227592, 3227592, 3227329, 3227343, 3227215, 3227627, 3227627, 3227941, 3228291, 3228834, 3228728, 3228728, 3225304, 3220833, 3216818, 3213359, 3213359, 3210464, 3208125, 3205754, 3203732, 3203732, 3202352, 3201276, 3200756]
TP-RE-3T:[3168114, 3166386, 3166386, 3164837, 3164023, 3163643, 3163255, 3163255, 3163262, 3163511, 3164323, 3165189, 3165189, 3166535, 3167759, 3169158, 3170807, 3170807, 3177285, 3177285, 3177285, 3177285, 3177285, 3178032, 3175822, 3173395, 3171558, 3171558, 3170189, 3169541, 3168805, 3168323, 3168323, 3168131, 3168365, 3168899, 3169836, 3169836, 3170703, 3171838, 3173235, 3174460, 3174460]
WT-RE-3T:[3167170, 3153982, 3153982, 3153982, 3151620, 3151620, 3149747, 3147855, 3146116, 3146116, 3145169, 3144861, 3144864, 3145478, 3145478, 3146300, 3147100, 3148254, 3149576, 3149576, 3150953, 3152626, 3153733, 3149944, 3149944, 3144790, 3140095, 3133028, 3133028, 3133028, 3130983, 3127855, 3127855, 3127083, 3127083, 3127020, 3127341, 3127882, 3128950, 3128950, 3130007, 3131543, 3133165]
LP-RE-3T:[3146951, 3143695, 3143695, 3141882, 3140951, 3140484, 3139854, 3139854, 3139488, 3139704, 3140512, 3141582, 3141582, 3143141, 3144683, 3146540, 3148581, 3148581, 3150520, 3152314, 3150569, 3146268, 3146268, 3143510, 3141210, 3139722, 3139004, 3139004, 3138593, 3138499, 3138828, 3139757, 3139757, 3141273, 3142948, 3144751, 3146543, 3146543, 3148708, 3151023, 3153321, 3153321, 3155390]
PD-RE-3T:[3199347, 3198630, 3198353, 3198146, 3198559, 3198559, 3198768, 3199501, 3200383, 3201270, 3201270, 3202417, 3203542, 3204329, 3202096, 3202096, 3198666, 3196153, 3191492, 3191492, 3191492, 3190002, 3188664, 3187365, 3186718, 3186718, 3186615, 3186645, 3187090, 3187731, 3187731, 3188393, 3189450, 3190472, 3191855, 3191855, 3193152, 3194716, 3194470, 3191533, 3191533, 3188573, 3186613]
T2-RE-3T:[3175555, 3174304, 3174304, 3173260, 3172639, 3172366, 3172465, 3172465, 3173007, 3173943, 3174840, 3176016, 3176016, 3178738, 3178738, 3180252, 3181936, 3181936, 3182134, 3179836, 3177254, 3175264, 3175264, 3172339, 3172339, 3171825, 3171325, 3171325, 3171212, 3171557, 3172274, 3173278, 3173278, 3174287, 3175508, 3176869, 3178600, 3178600, 3180228, 3181937, 3183804, 3185039, 3185039]
LG-RE-3T:[3204525, 3204525, 3204830, 3205462, 3206247, 3207671, 3207671, 3208859, 3210065, 3207764, 3204364, 3204364, 3201496, 3199366, 3197459, 3196265, 3193369, 3193369, 3192968, 3192968, 3192923, 3192923, 3193185, 3193660, 3194332, 3194924, 3194924, 3196066, 3197133, 3198283, 3199678, 3199678, 3200942, 3198557, 3194591, 3190862, 3190862, 3187462, 3184560, 3182710, 3180951, 3180951, 3179297]
PI-RE-3T:[3166342, 3166417, 3166417, 3166740, 3167108, 3168430, 3168430, 3168430, 3169376, 3170534, 3169405, 3166350, 3166350, 3163313, 3160584, 3158569, 3157127, 3157127, 3155973, 3154672, 3153753, 3153716, 3153716, 3154190, 3154717, 3155707, 3156394, 3156394, 3157498, 3158811, 3158902, 3158902, 3158902, 3153510, 3153510, 3151647, 3150179, 3150179, 3149358, 3148746, 3148175, 3148094, 3148094]
IF-RE-3T:[3154445, 3154445, 3153085, 3153085, 3153236, 3153673, 3153673, 3154347, 3154936, 3155776, 3156736, 3156736, 3157872, 3158828, 3159055, 3156011, 3156011, 3152886, 3149627, 3147072, 3145231, 3145231, 3143799, 3142656, 3141681, 3141323, 3141323, 3141375, 3141894, 3142352, 3143483, 3143483, 3144459, 3145576, 3146865, 3148200, 3148200, 3149847, 3151216, 3149645, 3146830, 3146830, 3144782]
TT-RE-3T:[3206427, 3204550, 3202536, 3202536, 3201374, 3200430, 3199590, 3199526, 3199526, 3199138, 3199037, 3199164, 3199502, 3199502, 3199652, 3195750, 3190305, 3184914, 3184914, 3179737, 3175227, 3171744, 3168435, 3168435, 3165292, 3163172, 3161623, 3160516, 3160516, 3159878, 3159602, 3159580, 3159902, 3159902, 3160369, 3161037, 3160633, 3155179, 3155179, 3143703, 3143703, 3138971, 3135410]
LP-RE-2T:[3139629, 3139629, 3139761, 3139818, 3140314, 3136766, 3121954, 3121954, 3121954, 3121954, 3119701, 3118056, 3118056, 3116369, 3114828, 3114310, 3114310, 3114578, 3115318, 3116618, 3118002, 3118002, 3119374, 3121277, 3122091, 3117823, 3117823, 3113337, 3110452, 3108634, 3108030, 3108030, 3107852, 3107490, 3107814, 3108969, 3108969, 3110608, 3112484, 3114668, 3116915, 3116915, 3119312]
IF-RE-2T:[3173082, 3170052, 3170052, 3167698, 3165443, 3163344, 3161952, 3161952, 3161352, 3160970, 3160864, 3161033, 3161033, 3161312, 3161634, 3163254, 3163254, 3163254, 3161077, 3155753, 3150717, 3146514, 3146514, 3143045, 3140815, 3138766, 3137067, 3137067, 3136017, 3135453, 3135667, 3136214, 3136214, 3136910, 3137942, 3139119, 3140570, 3140570, 3142398, 3142953, 3142953, 3142953, 3142953]
WT-RE-2T:[3186482, 3186672, 3186672, 3187370, 3188109, 3189310, 3190049, 3190049, 3191371, 3192560, 3195198, 3195198, 3195198, 3195383, 3193074, 3190235, 3188101, 3188101, 3184444, 3184444, 3183313, 3182259, 3182259, 3181536, 3181058, 3181036, 3181289, 3181289, 3181733, 3182346, 3183317, 3184307, 3184307, 3185456, 3186578, 3187864, 3186990, 3186990, 3182960, 3178624, 3175094, 3172309, 3172309]
PI-RE-2T:[3178669, 3178669, 3176869, 3174790, 3173100, 3171979, 3171504, 3171504, 3171497, 3170932, 3171236, 3171810, 3171810, 3172767, 3173839, 3175272, 3175272, 3176951, 3178352, 3180011, 3179534, 3179534, 3177316, 3174966, 3173043, 3171504, 3170785, 3170785, 3170403, 3170149, 3170232, 3170232, 3170912, 3171804, 3173256, 3174674, 3174674, 3175984, 3177784, 3179377, 3181226, 3183402, 3183402]
LT-RE-2T:[3178550, 3179197, 3179197, 3179996, 3181229, 3182534, 3184266, 3184266, 3186271, 3188436, 3190395, 3192711, 3192711, 3195061, 3197433, 3198001, 3196218, 3196218, 3194445, 3193125, 3192305, 3192059, 3192059, 3192240, 3192240, 3192637, 3193435, 3193435, 3194714, 3196270, 3197966, 3199920, 3203829, 3203829, 3203829, 3205818, 3208154, 3208154, 3210445, 3213817, 3213817, 3213361, 3213361]
TP-RE-2T:[3181537, 3181181, 3181181, 3180930, 3181002, 3181762, 3182909, 3182909, 3184288, 3185774, 3187080, 3188721, 3188721, 3190626, 3196815, 3196815, 3196815, 3196815, 3199019, 3198865, 3196630, 3194994, 3194994, 3194097, 3193914, 3194097, 3194156, 3194156, 3194251, 3194808, 3195781, 3195781, 3197004, 3198386, 3199986, 3201590, 3201590, 3203238, 3208404, 3208404, 3208404, 3208404, 3210373]
TT-RE-2T:[3133560, 3134402, 3135779, 3135869, 3135869, 3130142, 3123388, 3118312, 3118312, 3114023, 3111193, 3109550, 3107726, 3107726, 3106736, 3106846, 3107695, 3108996, 3108996, 3110697, 3112701, 3114702, 3116946, 3116946, 3119403, 3122028, 3124618, 3127235, 3127235, 3127162, 3127162, 3121955, 3118170, 3118170, 3115597, 3113946, 3113233, 3113245, 3113245, 3113306, 3113921, 3115439, 3117232]
PS-RE-2T:[3164652, 3165979, 3165979, 3167272, 3168439, 3169933, 3169933, 3171828, 3173588, 3174739, 3171771, 3171771, 3168173, 3165974, 3164161, 3163602, 3163284, 3163284, 3163038, 3163350, 3163350, 3163350, 3164467, 3165898, 3167406, 3169184, 3169184, 3171144, 3173279, 3173998, 3171851, 3171851, 3169675, 3168519, 3167833, 3167960, 3167960, 3168435, 3169084, 3169781, 3171009, 3171009, 3172887]
FI-RE-2T:[3147263, 3146619, 3146619, 3145996, 3146136, 3146913, 3147953, 3147953, 3150431, 3150431, 3151868, 3153554, 3153554, 3155413, 3153503, 3148366, 3143996, 3143996, 3141515, 3139938, 3139217, 3138826, 3138826, 3138591, 3139025, 3139918, 3141191, 3141191, 3142894, 3144763, 3146833, 3149200, 3154309, 3156888, 3156888, 3156888, 3159600, 3159600, 3160047, 3157778, 3156035, 3155352, 3155352]
PD-RE-2T:[3129745, 3128804, 3128309, 3128309, 3132233, 3132233, 3132233, 3132233, 3132233, 3134144, 3135972, 3140113, 3140113, 3140113, 3142026, 3144339, 3145767, 3143472, 3143472, 3140487, 3138718, 3137610, 3137285, 3137285, 3137419, 3137795, 3138652, 3139714, 3139714, 3141439, 3143394, 3145631, 3148203, 3148203, 3152816, 3152816, 3155588, 3158550, 3158550, 3161192, 3164150, 3166728, 3168189]
MW-RE-2T:[3141344, 3142060, 3143105, 3144351, 3144351, 3146014, 3147684, 3149774, 3151868, 3154161, 3154161, 3158519, 3158519, 3156806, 3153678, 3153678, 3151095, 3149331, 3148206, 3148206, 3147964, 3147846, 3148100, 3148814, 3148814, 3150122, 3151820, 3153702, 3155986, 3155986, 3158127, 3163095, 3163095, 3165862, 3168453, 3168453, 3171232, 3173821, 3175070, 3175070, 3174029, 3172947, 3172947]
LG-RE-2T:[3198704, 3197132, 3197132, 3195960, 3195166, 3194929, 3195204, 3195204, 3196358, 3196358, 3197301, 3198516, 3198516, 3200321, 3202252, 3204328, 3206127, 3206127, 3207907, 3210053, 3212230, 3214690, 3214690, 3216751, 3217184, 3216971, 3216895, 3216895, 3217020, 3218464, 3218464, 3219362, 3222093, 3222093, 3222093, 3223319, 3224898, 3224898, 3226574, 3228317, 3229919, 3231870, 3231870]
T2-RE-2T:[3126417, 3126693, 3127051, 3127715, 3127715, 3128358, 3127130, 3121651, 3116168, 3116168, 3112026, 3108530, 3106189, 3104265, 3101308, 3101308, 3101308, 3101308, 3101486, 3101486, 3102227, 3103017, 3104094, 3105651, 3107312, 3107312, 3109020, 3110692, 3112724, 3112724, 3114780, 3114372, 3110958, 3107799, 3107799, 3105968, 3104693, 3104537, 3104351, 3104458, 3104458, 3105864, 3105864]
T3-RE-2T:[3190353, 3190353, 3189449, 3188742, 3188184, 3188199, 3188199, 3188306, 3188647, 3189667, 3189667, 3189667, 3190467, 3191201, 3192044, 3192885, 3192885, 3191575, 3188263, 3184785, 3182006, 3182006, 3179225, 3177437, 3173938, 3173938, 3173938, 3172883, 3172101, 3171678, 3171678, 3171678, 3171892, 3172145, 3173263, 3173263, 3173263, 3174018, 3174951, 3176001, 3176465, 3176465, 3173697]
PI-RE-1T:[3221740, 3219725, 3219725, 3217760, 3216152, 3214921, 3214165, 3214165, 3213514, 3213140, 3212775, 3212640, 3212640, 3212789, 3212924, 3213504, 3213987, 3213987, 3213731, 3210071, 3205667, 3201920, 3198452, 3198452, 3195599, 3192940, 3190715, 3188861, 3188861, 3187545, 3186668, 3186193, 3185919, 3185919, 3186217, 3186217, 3186702, 3186702, 3187436, 3188230, 3189216, 3190176, 3190176]
PD-RE-1T:[3251523, 3247382, 3243516, 3240007, 3240007, 3236969, 3234601, 3232219, 3229966, 3229966, 3228397, 3227056, 3225843, 3225223, 3225223, 3224744, 3224601, 3224789, 3224985, 3224985, 3223436, 3219289, 3214944, 3211449, 3211449, 3208807, 3207316, 3205660, 3203870, 3203870, 3203010, 3202135, 3201775, 3202061, 3202061, 3202191, 3203107, 3203800, 3204675, 3202876, 3202876, 3198792, 3194985]
IF-RE-1T:[3193985, 3193985, 3194032, 3190774, 3186010, 3181768, 3181768, 3178588, 3175147, 3175147, 3173804, 3173804, 3172651, 3172404, 3173840, 3173840, 3173840, 3173840, 3174769, 3174259, 3170712, 3170712, 3167678, 3165380, 3164064, 3163473, 3163473, 3163363, 3163312, 3163702, 3164523, 3164523, 3166020, 3167493, 3169335, 3171309, 3171309, 3173102, 3172370, 3170215, 3166756, 3166756, 3166756]
T2-RE-1T:[3156743, 3153357, 3150076, 3147129, 3144632, 3142402, 3142402, 3140838, 3139234, 3138145, 3138145, 3136992, 3136095, 3135833, 3135209, 3135209, 3134667, 3134456, 3133825, 3129783, 3129783, 3123904, 3118797, 3114417, 3110894, 3110894, 3107907, 3104710, 3102211, 3100239, 3098351, 3098351, 3098351, 3097948, 3097879, 3097879, 3097991, 3098490, 3098929, 3099615, 3099615, 3100505, 3101421]
T3-RE-1T:[3098193, 3098871, 3099666, 3099666, 3100713, 3103819, 3103819, 3103819, 3103819, 3104709, 3103534, 3101403, 3099619, 3099619, 3098901, 3098496, 3098296, 3098159, 3098159, 3098657, 3098657, 3099154, 3099830, 3099830, 3100712, 3101768, 3102659, 3103098, 3103098, 3101359, 3095010, 3095010, 3095010, 3095010, 3094328, 3093902, 3093497, 3093138, 3093138, 3093309, 3093734, 3094424, 3095304]
MW-RE-1T:[3175436, 3174754, 3174562, 3174498, 3174498, 3175036, 3175594, 3176417, 3176149, 3176149, 3172824, 3169244, 3166437, 3164281, 3164281, 3162932, 3162030, 3161345, 3162854, 3162854, 3162854, 3162854, 3162854, 3164039, 3164039, 3165390, 3166869, 3166283, 3163630, 3161708, 3161708, 3160423, 3159824, 3159774, 3159774, 3159930, 3160312, 3161138, 3162236, 3162236, 3163940, 3165535, 3171414]
TP-RE-1T:[3180919, 3180919, 3180559, 3176550, 3170916, 3166142, 3166142, 3161953, 3159136, 3157231, 3155473, 3155473, 3154092, 3153501, 3153403, 3153935, 3153935, 3154711, 3155735, 3157052, 3158493, 3158493, 3160191, 3159845, 3159845, 3156120, 3156120, 3153099, 3150651, 3149165, 3148362, 3148362, 3148007, 3147964, 3148609, 3149897, 3149897, 3151371, 3153327, 3157831, 3157831, 3157831, 3160419]
LG-RE-1T:[3192785, 3187071, 3182751, 3182751, 3179554, 3175300, 3175300, 3175300, 3172092, 3172092, 3171434, 3171282, 3171282, 3171687, 3172200, 3173025, 3174127, 3174127, 3175246, 3176692, 3177799, 3175482, 3175482, 3171365, 3168494, 3166775, 3165777, 3165777, 3164944, 3164944, 3164626, 3164905, 3164905, 3165945, 3167368, 3168962, 3170808, 3170808, 3172696, 3174961, 3177069, 3179442, 3179442]
LT-RE-1T:[3216391, 3217244, 3218278, 3217171, 3217171, 3211265, 3211265, 3208816, 3207030, 3207030, 3205908, 3205180, 3204488, 3204378, 3204378, 3205064, 3206302, 3206302, 3207468, 3207468, 3208598, 3210202, 3211654, 3212998, 3212998, 3214780, 3216630, 3216614, 3214726, 3214726, 3213000, 3210208, 3210208, 3209724, 3209724, 3209611, 3209614, 3209748, 3210704, 3210704, 3211610, 3212638, 3214084]
FI-RE-1T:[3195510, 3194901, 3194758, 3195011, 3195369, 3195369, 3195836, 3196524, 3196595, 3196595, 3192509, 3187439, 3179949, 3179949, 3179949, 3177249, 3175266, 3173716, 3172439, 3172439, 3171719, 3171771, 3172128, 3172946, 3172946, 3173696, 3174654, 3175946, 3177467, 3178902, 3178902, 3180642, 3182378, 3184035, 3182265, 3182265, 3175911, 3175911, 3173869, 3172257, 3172257, 3171511, 3170924]
PS-RE-1T:[3220265, 3220265, 3217089, 3214296, 3211792, 3209473, 3206476, 3206476, 3206476, 3205191, 3204407, 3204407, 3204506, 3204449, 3204743, 3205417, 3205417, 3205946, 3206886, 3208059, 3209090, 3209090, 3210285, 3211342, 3210362, 3207405, 3207405, 3204767, 3203002, 3201707, 3200363, 3200363, 3200363, 3199469, 3199341, 3199890, 3199890, 3200519, 3201668, 3202855, 3204076, 3204076, 3205523]
WT-RE-1T:[3212734, 3210624, 3206766, 3203554, 3203554, 3200793, 3198911, 3197429, 3196107, 3196107, 3194782, 3193490, 3193490, 3193673, 3194023, 3194023, 3194201, 3194733, 3195498, 3195498, 3196053, 3197161, 3198041, 3195956, 3195956, 3191056, 3186034, 3182017, 3178473, 3178473, 3175954, 3173756, 3171783, 3170260, 3170260, 3169434, 3169375, 3169926, 3169926, 3169926, 3170545, 3171590, 3172674]
TT-RE-1T:[3214654, 3216250, 3217487, 3216127, 3216127, 3212229, 3208761, 3206129, 3204272, 3204272, 3203080, 3200199, 3200199, 3199357, 3199280, 3199280, 3199280, 3199280, 3199713, 3199713, 3200595, 3201710, 3202680, 3203965, 3205203, 3205203, 3205815, 3202486, 3198086, 3198086, 3195260, 3193127, 3192396, 3191203, 3189648, 3189648, 3188653, 3188240, 3188337, 3188737, 3188737, 3189472, 3190274]
LP-RE-1T:[3170328, 3169341, 3168510, 3167810, 3167707, 3167707, 3168132, 3169426, 3170980, 3172872, 3172872, 3175133, 3177328, 3179610, 3182042, 3182042, 3182861, 3179560, 3176775, 3175109, 3175109, 3174562, 3174562, 3174562, 3174562, 3174562, 3175169, 3176582, 3178204, 3180077, 3180077, 3181999, 3184068, 3186083, 3188213, 3188213, 3190270, 3188627, 3184511, 3181222, 3181222, 3178812, 3177365]