T3-RE-3T:[1820234, 1820281, 1820211, 1820211, 1820126, 1820140, 1820185, 1820060, 1820060, 1820183, 1820385, 1820298, 1820431, 1820431, 1820646, 1820685, 1820548, 1820395, 1820181, 1820181, 1820269, 1820401, 1820248, 1820248, 1820404, 1820246, 1820342, 1820347, 1820347, 1820449, 1820546, 1820723, 1820830, 1820807, 1820807, 1820967, 1820847, 1820856, 1820856, 1820798, 1820635, 1820786, 1820786]
LT-RE-3T:[1834309, 1834515, 1834337, 1834499, 1834499, 1834433, 1834217, 1834273, 1834273, 1834429, 1834617, 1834566, 1834193, 1834193, 1833844, 1833925, 1833913, 1833828, 1833828, 1833946, 1833975, 1834234, 1834478, 1834478, 1834296, 1834385, 1834351, 1834398, 1834114, 1834114, 1834099, 1833973, 1833973, 1833973, 1834110, 1833625, 1833811, 1833724, 1833724, 1833908, 1833930, 1833918, 1834229]
MW-RE-3T:[1823296, 1823089, 1823089, 1823089, 1823013, 1823086, 1823086, 1823076, 1823170, 1823039, 1823249, 1823249, 1823316, 1823516, 1823782, 1823972, 1823972, 1824013, 1824056, 1823705, 1823619, 1823619, 1823563, 1823606, 1823539, 1823589, 1823589, 1823811, 1823811, 1823920, 1824101, 1824101, 1824330, 1824312, 1824503, 1824661, 1824661, 1824668, 1824593, 1824515, 1824209, 1824209, 1824277]
PS-RE-3T:[1816884, 1816787, 1816383, 1816383, 1816267, 1816081, 1816047, 1816047, 1815973, 1815879, 1815983, 1815959, 1815959, 1816021, 1816051, 1816209, 1815879, 1815879, 1815776, 1815642, 1815722, 1815730, 1815730, 1815730, 1815936, 1815842, 1815876, 1815876, 1815933, 1816007, 1815951, 1816107, 1816107, 1815771, 1815786, 1815732, 1815797, 1815797, 1815955, 1816019, 1816119, 1816133, 1816133]
FI-RE-3T:[1825107, 1825006, 1825006, 1825067, 1825103, 1825210, 1825182, 1825182, 1825282, 1825176, 1825279, 1825253, 1825253, 1825081, 1825000, 1824976, 1824954, 1824954, 1825148, 1825220, 1825346, 1825308, 1825308, 1825522, 1825555, 1825800, 1825798, 1825798, 1825891, 1825727, 1825540, 1825380, 1825380, 1825117, 1825061, 1824941, 1824941, 1825187, 1825094, 1825184, 1825184, 1825331, 1825331]
TP-RE-3T:[1821017, 1820742, 1820742, 1820742, 1820742, 1820453, 1820453, 1820135, 1819936, 1819639, 1819293, 1819293, 1819505, 1819575, 1819382, 1819519, 1819519, 1819314, 1819504, 1819560, 1819472, 1819472, 1819428, 1819154, 1818964, 1818793, 1818520, 1818520, 1818230, 1818069, 1817912, 1817912, 1817820, 1817593, 1817805, 1817866, 1817866, 1818079, 1817946, 1817992, 1817869, 1817869, 1817509]
WT-RE-3T:[1809135, 1809174, 1809186, 1809342, 1809342, 1809606, 1809672, 1809951, 1810040, 1810040, 1810191, 1810289, 1810362, 1810355, 1810355, 1810266, 1810399, 1810414, 1810575, 1810575, 1810618, 1810759, 1810810, 1810921, 1810921, 1810999, 1811103, 1810952, 1810989, 1810866, 1810866, 1810866, 1811004, 1811139, 1811139, 1811189, 1811214, 1811320, 1811405, 1811378, 1811378, 1811571, 1811730]
LP-RE-3T:[1800559, 1800568, 1800568, 1800669, 1800733, 1800846, 1800846, 1800724, 1800674, 1800449, 1800375, 1800375, 1800294, 1800251, 1800304, 1800325, 1800294, 1800294, 1800329, 1800552, 1800552, 1800552, 1800755, 1800828, 1801199, 1801199, 1801199, 1801267, 1801199, 1801171, 1801137, 1801137, 1801141, 1801272, 1801266, 1801418, 1801418, 1801439, 1801570, 1801712, 1801813, 1801813, 1802014]
PD-RE-3T:[1810136, 1810363, 1810363, 1810164, 1810164, 1810283, 1810114, 1809897, 1809671, 1809671, 1809691, 1809502, 1809662, 1809484, 1809484, 1809579, 1809320, 1809465, 1809437, 1809437, 1809594, 1809543, 1809366, 1809244, 1809244, 1809322, 1809001, 1808630, 1808169, 1808169, 1808169, 1808169, 1808219, 1808158, 1808158, 1808367, 1808440, 1808259, 1807883, 1807883, 1807642, 1807402, 1807510]
T2-RE-3T:[1794955, 1794953, 1794843, 1794782, 1794782, 1794892, 1794590, 1794353, 1794078, 1794078, 1794061, 1793878, 1794053, 1793814, 1793814, 1793707, 1793596, 1793385, 1793385, 1793410, 1793517, 1793600, 1793559, 1793559, 1793479, 1793288, 1793135, 1792979, 1792979, 1792874, 1792756, 1792701, 1792616, 1792616, 1792574, 1792615, 1792541, 1792493, 1792493, 1792485, 1792485, 1792584, 1792540]
LG-RE-3T:[1787953, 1787769, 1787769, 1787748, 1787710, 1787793, 1787695, 1787695, 1787726, 1787856, 1787751, 1787722, 1787722, 1787621, 1787542, 1787401, 1787482, 1787482, 1787459, 1787442, 1787320, 1787468, 1787468, 1787468, 1787418, 1787460, 1787616, 1787616, 1787635, 1787573, 1787565, 1787651, 1787651, 1787522, 1787547, 1787484, 1787341, 1787341, 1787495, 1787441, 1787535, 1787442, 1787442]
PI-RE-3T:[1788133, 1788038, 1788190, 1788190, 1787967, 1787984, 1787811, 1787811, 1787811, 1787636, 1787723, 1787807, 1787515, 1787515, 1787616, 1787579, 1787584, 1787494, 1787494, 1787375, 1787326, 1787115, 1787128, 1787128, 1786992, 1786800, 1786910, 1786733, 1786733, 1786808, 1786787, 1786884, 1786884, 1786799, 1787062, 1787062, 1787048, 1786936, 1786936, 1786986, 1786997, 1786834, 1786834]
IF-RE-3T:[1788643, 1788643, 1788460, 1788484, 1788494, 1788494, 1788460, 1788425, 1788313, 1788313, 1788313, 1788100, 1787743, 1787665, 1787576, 1787576, 1787577, 1787418, 1787335, 1787197, 1787197, 1787057, 1787083, 1786910, 1786744, 1786744, 1786797, 1786829, 1786756, 1786633, 1786633, 1786516, 1786452, 1786204, 1786101, 1785981, 1785835, 1785835, 1785776, 1785702, 1785537, 1785426, 1785426]
TT-RE-3T:[1782632, 1782343, 1782343, 1782232, 1782180, 1782180, 1782106, 1781920, 1781753, 1781876, 1781876, 1781749, 1781729, 1781545, 1781545, 1781545, 1781432, 1781108, 1780824, 1780661, 1780661, 1780524, 1780505, 1780382, 1780266, 1780266, 1780245, 1780255, 1780216, 1780150, 1780150, 1780239, 1780226, 1780360, 1780195, 1780195, 1780212, 1779945, 1779715, 1779715, 1779715, 1779715, 1779522]
LP-RE-2T:[1780100, 1780149, 1780112, 1780240, 1780004, 1780004, 1780036, 1780126, 1780101, 1779977, 1780037, 1780037, 1779757, 1779669, 1779446, 1779485, 1779485, 1779579, 1779527, 1779503, 1779503, 1779240, 1779446, 1779328, 1779334, 1779334, 1779315, 1779404, 1779696, 1779599, 1779599, 1779411, 1779292, 1779121, 1779092, 1779092, 1779120, 1778990, 1778970, 1778981, 1778981, 1778950, 1778974]
IF-RE-2T:[1778663, 1778729, 1778799, 1778805, 1778805, 1778714, 1778681, 1778699, 1778677, 1778677, 1778582, 1778612, 1778455, 1778225, 1778225, 1778253, 1778263, 1778099, 1778099, 1778099, 1778056, 1778098, 1778195, 1778084, 1778084, 1778086, 1778094, 1778235, 1778300, 1778300, 1778246, 1778059, 1777822, 1777754, 1777754, 1777668, 1777651, 1777549, 1777486, 1777486, 1777515, 1777648, 1777482]
WT-RE-2T:[1779284, 1779420, 1779420, 1779334, 1779476, 1779277, 1779070, 1779070, 1778833, 1778879, 1778768, 1778757, 1778757, 1778464, 1778543, 1778425, 1778315, 1778315, 1778362, 1778268, 1778373, 1778331, 1778331, 1778384, 1778381, 1778248, 1777918, 1777727, 1777727, 1777710, 1777546, 1777486, 1777486, 1777385, 1777435, 1777480, 1777465, 1777465, 1777480, 1777448, 1777352, 1777538, 1777538]
PI-RE-2T:[1776911, 1776807, 1776807, 1776807, 1776807, 1776746, 1776830, 1776764, 1776839, 1776839, 1776943, 1776962, 1776944, 1776983, 1776983, 1777109, 1777009, 1777048, 1776941, 1776941, 1776720, 1776677, 1776686, 1776860, 1776860, 1776633, 1776823, 1776833, 1776833, 1776799, 1776799, 1776778, 1776880, 1777028, 1777028, 1776948, 1777025, 1777080, 1776756, 1776756, 1776726, 1776775, 1776575]
LT-RE-2T:[1790925, 1791333, 1791333, 1791336, 1791323, 1791508, 1791830, 1791830, 1791772, 1792029, 1791998, 1791830, 1791830, 1791946, 1791818, 1792033, 1792076, 1792076, 1792190, 1792317, 1792076, 1791905, 1791905, 1791762, 1791888, 1791888, 1792093, 1792093, 1792153, 1792013, 1792160, 1792200, 1792200, 1792347, 1792467, 1792197, 1792246, 1792246, 1792090, 1791927, 1791707, 1791722, 1791722]
TP-RE-2T:[1786239, 1785920, 1785920, 1785821, 1785635, 1785633, 1785589, 1785589, 1785371, 1785371, 1785316, 1785220, 1785220, 1785153, 1785210, 1785039, 1784883, 1784883, 1784580, 1784580, 1784430, 1784552, 1784552, 1784751, 1784185, 1784185, 1784185, 1784185, 1783960, 1783956, 1783920, 1783758, 1783758, 1783671, 1783579, 1783388, 1783105, 1783105, 1783063, 1783008, 1782896, 1782896, 1782762]
TT-RE-2T:[1788166, 1788148, 1788052, 1787898, 1787913, 1787913, 1787774, 1787563, 1787408, 1787357, 1787357, 1787226, 1786988, 1786978, 1786595, 1786595, 1786595, 1786501, 1786459, 1786467, 1786467, 1786229, 1786156, 1785964, 1785842, 1785842, 1785666, 1785309, 1785368, 1785131, 1785131, 1785034, 1784992, 1784904, 1784855, 1784855, 1784700, 1784876, 1784609, 1784668, 1784668, 1784672, 1784400]
PS-RE-2T:[1776272, 1776272, 1776208, 1776198, 1776348, 1776155, 1776155, 1776005, 1775850, 1775838, 1775782, 1775782, 1775850, 1775982, 1775893, 1776024, 1776024, 1776006, 1776025, 1776069, 1776204, 1776204, 1776189, 1776149, 1776149, 1776073, 1775979, 1775979, 1775868, 1775980, 1775824, 1775824, 1775780, 1775774, 1775937, 1775937, 1775937, 1775925, 1775951, 1776087, 1776160, 1776160, 1776181]
FI-RE-2T:[1788426, 1788426, 1788305, 1788239, 1788121, 1787876, 1787876, 1787648, 1787535, 1787525, 1787644, 1787644, 1787431, 1787273, 1787279, 1787236, 1787236, 1786966, 1786417, 1786417, 1786212, 1786062, 1786062, 1785761, 1785564, 1785586, 1785586, 1785361, 1785455, 1785248, 1785020, 1785020, 1785012, 1784892, 1784782, 1784825, 1784501, 1784501, 1784358, 1784069, 1783881, 1783881, 1783805]
PD-RE-2T:[1789443, 1789443, 1789338, 1789420, 1789367, 1789239, 1789239, 1789144, 1789264, 1789352, 1789526, 1789526, 1789691, 1789615, 1789686, 1789686, 1789686, 1789533, 1789262, 1788960, 1788827, 1788827, 1788751, 1788654, 1788654, 1788577, 1788577, 1788449, 1788717, 1788688, 1788657, 1788657, 1788747, 1788902, 1788880, 1788586, 1788586, 1788091, 1788038, 1787689, 1787633, 1787633, 1787633]
MW-RE-2T:[1787379, 1787436, 1787436, 1787416, 1787356, 1787344, 1787030, 1787030, 1786889, 1786401, 1785939, 1785939, 1785939, 1785530, 1785530, 1785295, 1785295, 1785295, 1785251, 1785217, 1785247, 1785227, 1785227, 1785217, 1785283, 1785324, 1785185, 1785185, 1785154, 1784885, 1784625, 1784476, 1784476, 1784331, 1784101, 1784177, 1784110, 1784110, 1784102, 1783980, 1783949, 1784012, 1784066]
LG-RE-2T:[1788798, 1788582, 1788588, 1788678, 1788678, 1788694, 1788599, 1788602, 1788105, 1788105, 1788077, 1787840, 1787789, 1787654, 1787654, 1787497, 1787331, 1787250, 1787167, 1787167, 1787231, 1787082, 1787088, 1787168, 1787298, 1787298, 1787461, 1787491, 1787345, 1787345, 1786984, 1787014, 1786948, 1786733, 1786660, 1786660, 1786661, 1786598, 1786460, 1786460, 1786475, 1786528, 1786534]
T2-RE-2T:[1781786, 1781643, 1781590, 1781590, 1781700, 1781636, 1781491, 1781491, 1781491, 1781491, 1781249, 1781105, 1781049, 1781049, 1780975, 1780842, 1780861, 1780631, 1780631, 1780644, 1780580, 1780453, 1780484, 1780484, 1780397, 1780531, 1780484, 1780436, 1780436, 1780229, 1779978, 1779978, 1779956, 1779917, 1779917, 1779768, 1779664, 1779664, 1779664, 1779692, 1779710, 1779656, 1779679]
T3-RE-2T:[1776797, 1776790, 1776754, 1776754, 1776882, 1776825, 1776835, 1776835, 1776811, 1776757, 1776638, 1776618, 1776618, 1776548, 1776588, 1776550, 1776335, 1776335, 1776564, 1776564, 1776539, 1776680, 1776680, 1776680, 1776680, 1776587, 1776673, 1776673, 1776728, 1776714, 1776582, 1776462, 1776462, 1776430, 1776423, 1776442, 1776452, 1776452, 1776457, 1776455, 1776447, 1776470, 1776470]
PI-RE-1T:[1775668, 1775653, 1775653, 1775653, 1775583, 1775613, 1775613, 1775664, 1775551, 1775602, 1775619, 1775619, 1775608, 1775668, 1775888, 1775877, 1775877, 1775930, 1775752, 1775691, 1775630, 1775630, 1775660, 1775587, 1775810, 1775780, 1775780, 1775780, 1775808, 1775755, 1775780, 1775780, 1775984, 1775847, 1775783, 1775824, 1775824, 1775982, 1775717, 1775708, 1775668, 1775668, 1775598]
PD-RE-1T:[1790902, 1791008, 1791008, 1791008, 1791008, 1791216, 1791155, 1791155, 1791013, 1790716, 1790288, 1790361, 1790361, 1790337, 1790345, 1790003, 1790129, 1790129, 1790051, 1789937, 1790017, 1789958, 1789958, 1790104, 1790202, 1790250, 1790117, 1790117, 1790118, 1789940, 1789848, 1789720, 1789720, 1789438, 1789447, 1789220, 1789286, 1789286, 1789169, 1789031, 1789233, 1789174, 1789174]
IF-RE-1T:[1783236, 1783160, 1782921, 1782921, 1782921, 1782921, 1782668, 1782709, 1782547, 1782564, 1782564, 1782582, 1782526, 1782487, 1782523, 1782523, 1782513, 1782558, 1782384, 1782201, 1782201, 1781903, 1781970, 1781902, 1781728, 1781728, 1781829, 1781829, 1781829, 1781745, 1781745, 1781791, 1781852, 1781965, 1781873, 1781873, 1781638, 1781422, 1781394, 1781326, 1781326, 1781214, 1781141]
T2-RE-1T:[1779522, 1779608, 1779608, 1779454, 1779459, 1779492, 1779487, 1779487, 1779578, 1779606, 1779606, 1779470, 1779470, 1779563, 1779345, 1779396, 1779144, 1779144, 1779342, 1779325, 1779325, 1779322, 1779322, 1779303, 1779258, 1779166, 1779282, 1779282, 1779278, 1779278, 1779331, 1779281, 1779281, 1779142, 1779105, 1779036, 1779111, 1779111, 1779218, 1779054, 1779032, 1779032, 1779150]
T3-RE-1T:[1778055, 1778070, 1778138, 1778164, 1778164, 1778123, 1778110, 1778227, 1778227, 1778227, 1778154, 1778135, 1777966, 1778164, 1778164, 1778206, 1778044, 1778097, 1778140, 1778140, 1778201, 1778086, 1778118, 1778168, 1778168, 1778213, 1778269, 1778204, 1778095, 1778095, 1778013, 1777869, 1777869, 1777949, 1777949, 1778169, 1777987, 1778195, 1778154, 1778154, 1778129, 1778239, 1778205]
MW-RE-1T:[1790175, 1790055, 1789942, 1789889, 1789825, 1789825, 1789629, 1789612, 1789500, 1789418, 1789418, 1789125, 1788870, 1788853, 1788315, 1788315, 1788315, 1788242, 1787974, 1787974, 1787974, 1787784, 1787720, 1787291, 1787291, 1787291, 1787091, 1787091, 1786813, 1786813, 1786498, 1786430, 1786086, 1785973, 1785973, 1785802, 1785521, 1785405, 1785144, 1784807, 1784807, 1784807, 1784807]
TP-RE-1T:[1785561, 1785561, 1785486, 1785527, 1785427, 1785165, 1785165, 1785199, 1785208, 1785208, 1785208, 1785208, 1785379, 1785338, 1785185, 1785298, 1785298, 1785073, 1785196, 1785304, 1785202, 1785202, 1785963, 1786775, 1786820, 1786849, 1786849, 1787193, 1787665, 1788334, 1788684, 1788684, 1788884, 1788993, 1788920, 1788711, 1788711, 1788744, 1788701, 1788701, 1788665, 1788665, 1788461]
LG-RE-1T:[1788254, 1788217, 1788233, 1787993, 1787993, 1787796, 1787443, 1786918, 1786786, 1786786, 1786513, 1786234, 1786092, 1785856, 1785856, 1785590, 1785159, 1785031, 1784894, 1784894, 1784475, 1784505, 1784475, 1784096, 1784096, 1783708, 1783514, 1783252, 1783126, 1783126, 1782858, 1782427, 1782427, 1782427, 1782427, 1782412, 1782413, 1782424, 1782235, 1782235, 1782251, 1782343, 1782128]
LT-RE-1T:[1784484, 1784360, 1784360, 1784360, 1784360, 1784413, 1784380, 1784353, 1784442, 1784442, 1784296, 1784151, 1783812, 1783687, 1783687, 1783697, 1783576, 1783284, 1783348, 1783348, 1783365, 1783210, 1783077, 1783172, 1783172, 1783240, 1782927, 1782472, 1782472, 1782472, 1782425, 1782265, 1782262, 1782524, 1782524, 1782359, 1782195, 1782249, 1782613, 1782613, 1782675, 1782652, 1782550]
FI-RE-1T:[1784722, 1783984, 1784048, 1784151, 1784010, 1784010, 1783998, 1783829, 1783725, 1783530, 1783017, 1783017, 1783017, 1782787, 1782900, 1782900, 1782776, 1782781, 1782509, 1782154, 1782154, 1782026, 1782304, 1782442, 1782692, 1782692, 1782730, 1782402, 1782259, 1781995, 1781995, 1782144, 1782090, 1782224, 1782235, 1782235, 1782097, 1782097, 1782243, 1782287, 1782287, 1782643, 1782724]
PS-RE-1T:[1780175, 1780175, 1780599, 1780800, 1781442, 1781470, 1781470, 1781666, 1781784, 1781804, 1782362, 1782362, 1782634, 1782996, 1782996, 1782996, 1782996, 1783016, 1782988, 1782985, 1783142, 1783142, 1783053, 1783163, 1782871, 1783250, 1783250, 1783101, 1783238, 1783150, 1783409, 1783409, 1783309, 1783356, 1783312, 1783302, 1783302, 1783042, 1782966, 1782996, 1783225, 1783225, 1783224]
WT-RE-1T:[1796239, 1796239, 1796062, 1795758, 1795546, 1795399, 1795399, 1795171, 1794980, 1794795, 1794538, 1794538, 1794413, 1794348, 1794308, 1794122, 1794122, 1794133, 1793392, 1793392, 1792872, 1792872, 1792576, 1792562, 1792163, 1792086, 1792086, 1791872, 1791486, 1791601, 1791334, 1791334, 1791227, 1791156, 1791007, 1790833, 1790833, 1790591, 1789998, 1789788, 1789573, 1789573, 1789323]
TT-RE-1T:[1785914, 1785584, 1785491, 1785491, 1785623, 1785623, 1785478, 1785509, 1785589, 1785589, 1785537, 1785442, 1784985, 1784784, 1784784, 1784594, 1784443, 1784167, 1784107, 1784107, 1784121, 1783852, 1783828, 1783774, 1783774, 1783679, 1783763, 1783725, 1783725, 1783725, 1783650, 1783429, 1783098, 1782796, 1782796, 1782638, 1782634, 1782485, 1782521, 1782521, 1782574, 1782458, 1782589]
LP-RE-1T:[1783663, 1783585, 1783739, 1783739, 1783958, 1784087, 1784196, 1784151, 1784151, 1784096, 1783986, 1783775, 1783756, 1783756, 1783718, 1783718, 1783644, 1783730, 1783730, 1783694, 1783763, 1783815, 1783739, 1783739, 1784042, 1784008, 1784121, 1784085, 1784085, 1784088, 1783806, 1783547, 1783508, 1783508, 1783577, 1783410, 1783380, 1783453, 1783453, 1783472, 1783494, 1783541, 1783619]