T3-RE-3T:[3128409, 3128409, 3128274, 3127970, 3128097, 3127926, 3127926, 3127740, 3127694, 3127529, 3127420, 3127420, 3127048, 3126048, 3126048, 3125345, 3125345, 3124621, 3124118, 3123555, 3122894, 3122894, 3122357, 3122142, 3121818, 3121449, 3121449, 3121360, 3121253, 3120952, 3120763, 3120763, 3120643, 3120656, 3120337, 3119677, 3119677, 3119024, 3118598, 3117896, 3117378, 3117378, 3116662]
LT-RE-3T:[3148487, 3148678, 3148678, 3149551, 3149551, 3149736, 3149736, 3150027, 3150402, 3150906, 3151425, 3151425, 3151652, 3152186, 3152870, 3153482, 3153482, 3153933, 3154072, 3154300, 3154300, 3154300, 3154446, 3154493, 3154559, 3154727, 3154727, 3154714, 3155064, 3155724, 3155741, 3155741, 3156156, 3156630, 3156988, 3157671, 3157671, 3158312, 3158907, 3159054, 3159289, 3159289, 3159482]
MW-RE-3T:[3165876, 3165719, 3165163, 3164748, 3164564, 3164564, 3164147, 3164208, 3164085, 3164085, 3164308, 3164472, 3164907, 3165109, 3165109, 3165293, 3165146, 3164838, 3164655, 3164655, 3164234, 3163829, 3163646, 3163239, 3163239, 3163008, 3163028, 3162993, 3163083, 3163083, 3163023, 3163286, 3163386, 3163607, 3163607, 3164050, 3164107, 3164689, 3164720, 3164720, 3164598, 3164661, 3164481]
PS-RE-3T:[3157452, 3157201, 3157050, 3157125, 3157125, 3157316, 3157347, 3157458, 3157824, 3157824, 3158157, 3158391, 3158662, 3158899, 3158899, 3158922, 3158690, 3158451, 3158381, 3158381, 3158039, 3157956, 3157662, 3157442, 3157442, 3157633, 3157715, 3157778, 3157778, 3157914, 3158008, 3158141, 3158603, 3158603, 3158620, 3158451, 3158192, 3157918, 3157918, 3157817, 3157538, 3157402, 3157357]
FI-RE-3T:[3167900, 3167527, 3167284, 3167284, 3167298, 3167293, 3167530, 3167390, 3167390, 3167511, 3167652, 3167796, 3167964, 3167964, 3168322, 3168139, 3167871, 3167343, 3167343, 3166883, 3166688, 3166491, 3166215, 3166215, 3166249, 3166126, 3165868, 3166237, 3166237, 3166425, 3166593, 3166857, 3167152, 3167152, 3167618, 3167891, 3168256, 3168652, 3168652, 3168428, 3168399, 3168064, 3167886]
TP-RE-3T:[3177407, 3176765, 3176765, 3176559, 3176257, 3176119, 3175828, 3175828, 3175613, 3175533, 3175588, 3175350, 3175350, 3174507, 3173934, 3173356, 3172759, 3172759, 3172108, 3171596, 3171133, 3170959, 3170959, 3170466, 3170202, 3170009, 3170016, 3170016, 3169899, 3169897, 3169904, 3168982, 3168982, 3168489, 3167612, 3167055, 3166407, 3166407, 3165982, 3165559, 3165188, 3164858, 3164858]
WT-RE-3T:[3153264, 3153466, 3153268, 3153268, 3152870, 3152677, 3152317, 3152138, 3152138, 3151940, 3151775, 3151739, 3151814, 3151814, 3151752, 3151827, 3152150, 3152196, 3152196, 3152585, 3152745, 3153011, 3153421, 3153421, 3153822, 3154100, 3153697, 3153296, 3153296, 3152987, 3152797, 3152683, 3152316, 3152316, 3152074, 3151953, 3152033, 3151966, 3151966, 3151886, 3151874, 3152018, 3152150]
LP-RE-3T:[3150532, 3150811, 3150972, 3151274, 3151274, 3151257, 3150878, 3150309, 3149985, 3149985, 3149388, 3149000, 3149044, 3148915, 3148915, 3148655, 3148583, 3148792, 3148766, 3148766, 3149248, 3149272, 3149620, 3150166, 3150166, 3150284, 3150441, 3150438, 3150442, 3150442, 3150152, 3150156, 3150052, 3150133, 3150133, 3150294, 3150476, 3150606, 3150847, 3150847, 3151241, 3151653, 3152220]
PD-RE-3T:[3194865, 3194865, 3194345, 3193899, 3193614, 3193614, 3193083, 3192765, 3192569, 3192508, 3192508, 3192372, 3192489, 3192575, 3192636, 3192636, 3192881, 3192869, 3192777, 3192437, 3192437, 3191806, 3191109, 3190689, 3190461, 3190461, 3189825, 3189372, 3189471, 3189361, 3189361, 3189232, 3189133, 3189310, 3189505, 3189505, 3189900, 3189938, 3190270, 3190539, 3190539, 3190452, 3190197]
T2-RE-3T:[3146998, 3146800, 3147025, 3147131, 3147131, 3147116, 3147655, 3147904, 3147766, 3147766, 3147364, 3147022, 3146605, 3146587, 3146587, 3146080, 3146211, 3145962, 3146188, 3146188, 3146440, 3146908, 3147231, 3147496, 3147496, 3147734, 3148219, 3148635, 3149103, 3149103, 3149706, 3149927, 3149780, 3149625, 3149625, 3149468, 3149669, 3149840, 3149856, 3149856, 3150159, 3150529, 3151035]
LG-RE-3T:[3169530, 3169530, 3169127, 3168549, 3167903, 3167364, 3167364, 3167002, 3166678, 3166175, 3165901, 3165901, 3165723, 3165452, 3165256, 3165213, 3165213, 3165195, 3165456, 3165533, 3165563, 3165563, 3165334, 3164798, 3164334, 3163732, 3163732, 3163167, 3162872, 3162513, 3162078, 3162078, 3161919, 3161695, 3161628, 3161782, 3161782, 3161799, 3161825, 3162225, 3162435, 3162435, 3162729]
PI-RE-3T:[3169682, 3169846, 3170208, 3170338, 3170338, 3170557, 3170842, 3171437, 3172014, 3172014, 3172185, 3172259, 3172373, 3172216, 3172216, 3172165, 3171983, 3171891, 3171936, 3171936, 3171864, 3171846, 3172067, 3172426, 3172426, 3172741, 3172954, 3173205, 3173630, 3173630, 3173754, 3174152, 3174457, 3174295, 3174295, 3173897, 3173842, 3173582, 3173432, 3173432, 3173216, 3173193, 3173172]
IF-RE-3T:[3215844, 3215518, 3215070, 3214986, 3214986, 3214958, 3214764, 3214899, 3214129, 3214129, 3213540, 3212898, 3212187, 3211707, 3211707, 3211140, 3210635, 3210426, 3210120, 3210120, 3209793, 3209525, 3209705, 3209553, 3209553, 3209636, 3209828, 3209785, 3209022, 3209022, 3208583, 3208130, 3207806, 3207676, 3207676, 3207435, 3207325, 3207289, 3207373, 3207373, 3207259, 3207584, 3207643]
TT-RE-3T:[3189315, 3189063, 3188651, 3188651, 3188342, 3188307, 3188209, 3188367, 3188367, 3188232, 3187555, 3186750, 3186750, 3185929, 3185203, 3184500, 3183916, 3183357, 3183357, 3182899, 3182415, 3182032, 3182032, 3181829, 3181636, 3181329, 3181298, 3181271, 3181271, 3181035, 3180796, 3180286, 3179829, 3179829, 3179465, 3179145, 3178697, 3178697, 3178391, 3178078, 3178033, 3178061, 3178061]
LP-RE-2T:[3158950, 3158021, 3158021, 3157525, 3157091, 3156569, 3156293, 3156293, 3155696, 3155808, 3155246, 3155062, 3155062, 3155028, 3154911, 3154909, 3154611, 3154611, 3154884, 3154976, 3154579, 3153980, 3153980, 3153171, 3152621, 3151996, 3151653, 3151653, 3151101, 3150615, 3150207, 3149998, 3149998, 3149853, 3149810, 3149733, 3149793, 3149756, 3149756, 3149857, 3149951, 3150026, 3150026]
IF-RE-2T:[3223281, 3223089, 3223036, 3222915, 3222774, 3222774, 3222806, 3222976, 3223015, 3223156, 3223156, 3223190, 3223469, 3223769, 3224086, 3224086, 3224501, 3224551, 3224702, 3224716, 3224716, 3224855, 3224711, 3224745, 3224754, 3224754, 3224990, 3224893, 3225107, 3225182, 3225182, 3225236, 3225333, 3225329, 3225568, 3225568, 3225545, 3225865, 3226081, 3226097, 3226097, 3226169, 3226022]
WT-RE-2T:[3197491, 3196907, 3196208, 3195814, 3195814, 3194629, 3193200, 3191885, 3190505, 3190505, 3189204, 3187989, 3186648, 3185292, 3185292, 3184312, 3183299, 3182376, 3181478, 3181478, 3180724, 3180020, 3179350, 3178773, 3178773, 3178219, 3177756, 3176373, 3175051, 3175051, 3173740, 3172496, 3171158, 3170124, 3170124, 3168843, 3167863, 3166974, 3165806, 3165806, 3165011, 3164275, 3163590]
PI-RE-2T:[3109420, 3108502, 3107222, 3107222, 3106518, 3105823, 3105321, 3104783, 3104783, 3104486, 3104142, 3103914, 3103721, 3103721, 3103537, 3103420, 3103601, 3103314, 3103314, 3102813, 3101714, 3100800, 3099890, 3099890, 3099046, 3098502, 3097665, 3097217, 3097217, 3096736, 3096461, 3096101, 3095833, 3095833, 3095526, 3095409, 3095154, 3095250, 3095250, 3095274, 3094982, 3094581, 3093494]
LT-RE-2T:[3164946, 3165927, 3167031, 3167680, 3167680, 3168471, 3169382, 3170152, 3171110, 3171110, 3171956, 3172821, 3173823, 3174644, 3174644, 3175762, 3176668, 3177933, 3177933, 3178813, 3179847, 3180678, 3181359, 3181359, 3182073, 3183061, 3183807, 3184427, 3184427, 3185081, 3185737, 3186653, 3187614, 3187614, 3188235, 3189026, 3189937, 3190697, 3190697, 3191359, 3192214, 3192973, 3193550]
TP-RE-2T:[3215322, 3215395, 3215289, 3215421, 3215421, 3215556, 3215914, 3215957, 3215991, 3215991, 3215338, 3215080, 3214682, 3214411, 3214411, 3214242, 3213915, 3213901, 3213757, 3213757, 3213849, 3214050, 3214313, 3214470, 3214470, 3214796, 3215244, 3215586, 3215606, 3215606, 3215358, 3215080, 3214856, 3214449, 3214449, 3214325, 3214315, 3214403, 3214281, 3214281, 3214593, 3214697, 3215002]
TT-RE-2T:[3211008, 3210314, 3209695, 3209695, 3209161, 3208708, 3208207, 3207746, 3207746, 3207360, 3207124, 3206893, 3206515, 3206515, 3206518, 3206371, 3205834, 3205336, 3205336, 3204580, 3203837, 3203217, 3202563, 3202563, 3202028, 3201480, 3200986, 3200986, 3200332, 3200134, 3199795, 3199559, 3199559, 3199129, 3198971, 3198489, 3198201, 3197235, 3197235, 3196273, 3195558, 3194801, 3194381]
PS-RE-2T:[3184669, 3184498, 3184403, 3184403, 3184334, 3184272, 3184505, 3184587, 3184587, 3184936, 3185079, 3185256, 3185256, 3185554, 3185937, 3186451, 3186910, 3186910, 3187204, 3186873, 3186687, 3186414, 3186414, 3186114, 3186036, 3185762, 3185443, 3185443, 3185295, 3185248, 3185159, 3185297, 3185297, 3185290, 3185568, 3185592, 3185996, 3185996, 3186122, 3186657, 3187099, 3187243, 3187243]
FI-RE-2T:[3180567, 3180381, 3180112, 3179741, 3179403, 3179403, 3179367, 3179241, 3179204, 3178906, 3178906, 3178183, 3177272, 3176215, 3175458, 3175458, 3174480, 3173551, 3172853, 3172155, 3172155, 3171561, 3171057, 3170741, 3170312, 3170312, 3169797, 3169444, 3169139, 3168779, 3168779, 3168488, 3167773, 3166707, 3165403, 3165403, 3163855, 3162683, 3161730, 3160873, 3160873, 3160005, 3159303]
PD-RE-2T:[3229943, 3229715, 3229715, 3229443, 3229495, 3229691, 3229563, 3229563, 3229884, 3230098, 3230271, 3230745, 3230745, 3231086, 3231390, 3231328, 3231277, 3231277, 3231300, 3231343, 3231306, 3231200, 3231200, 3231317, 3231467, 3231676, 3231867, 3231867, 3232324, 3232784, 3233266, 3233691, 3233691, 3234197, 3234865, 3235118, 3235533, 3235533, 3235629, 3236089, 3236235, 3236551, 3236551]
MW-RE-2T:[3239278, 3238241, 3237637, 3236615, 3236085, 3236085, 3235371, 3234679, 3233737, 3232630, 3232630, 3231217, 3230114, 3228751, 3227526, 3227526, 3226221, 3225157, 3224147, 3223506, 3223506, 3222851, 3222366, 3221767, 3221378, 3221378, 3220973, 3220546, 3219810, 3218645, 3218645, 3217423, 3216371, 3215511, 3214553, 3214553, 3213613, 3212779, 3212205, 3211615, 3211615, 3211276, 3210951]
LG-RE-2T:[3204979, 3205311, 3205379, 3205379, 3204856, 3204070, 3203372, 3202753, 3202753, 3202097, 3201935, 3202017, 3201833, 3201833, 3201488, 3201467, 3201117, 3201134, 3201134, 3200895, 3201084, 3201269, 3201089, 3201089, 3200782, 3200228, 3199487, 3199063, 3199063, 3198459, 3197872, 3197624, 3197211, 3197211, 3197026, 3196737, 3196473, 3196512, 3196512, 3196422, 3196655, 3196813, 3197011]
T2-RE-2T:[3210648, 3209755, 3209755, 3209240, 3208798, 3208304, 3208025, 3208025, 3207584, 3207379, 3206985, 3206467, 3206467, 3205562, 3204604, 3203718, 3203211, 3203211, 3202422, 3201621, 3200951, 3200375, 3200375, 3199979, 3199542, 3199027, 3198569, 3198569, 3198294, 3197801, 3197543, 3196798, 3196798, 3196020, 3195179, 3194541, 3193723, 3193723, 3193228, 3192696, 3191997, 3191577, 3191577]
T3-RE-2T:[3181786, 3181294, 3180809, 3180529, 3180123, 3180123, 3179983, 3179584, 3179500, 3179190, 3179190, 3179178, 3179130, 3178702, 3177998, 3177998, 3177272, 3176676, 3176165, 3175529, 3174926, 3174926, 3174501, 3174001, 3173670, 3173670, 3173490, 3173070, 3172629, 3172523, 3172456, 3172456, 3172450, 3172135, 3171557, 3170907, 3170907, 3170332, 3169525, 3169219, 3169219, 3168632, 3168119]
PI-RE-1T:[3135804, 3135856, 3135646, 3135714, 3135571, 3135571, 3135392, 3135144, 3134479, 3133945, 3133945, 3133249, 3132877, 3132468, 3132235, 3132235, 3131990, 3131875, 3131741, 3131599, 3131599, 3131391, 3131496, 3131424, 3131580, 3131580, 3131814, 3131576, 3131101, 3130696, 3130696, 3130275, 3130046, 3129665, 3129397, 3129397, 3129142, 3129071, 3129086, 3128947, 3128947, 3129047, 3129084]
PD-RE-1T:[3245365, 3244821, 3244200, 3243640, 3243156, 3243156, 3242737, 3242019, 3241683, 3241299, 3241299, 3241250, 3241253, 3241084, 3240987, 3240987, 3240887, 3240521, 3239979, 3239370, 3239370, 3238983, 3238452, 3238024, 3237725, 3237725, 3237385, 3237186, 3237063, 3236990, 3236990, 3236908, 3237009, 3237222, 3236736, 3236736, 3236206, 3235725, 3235201, 3234784, 3234784, 3234378, 3234011]
IF-RE-1T:[3185838, 3185725, 3185678, 3185678, 3185735, 3186043, 3186270, 3186546, 3186546, 3187047, 3187732, 3188373, 3188975, 3188975, 3189003, 3188733, 3188491, 3188260, 3188324, 3188324, 3188422, 3188247, 3188360, 3188636, 3188636, 3188981, 3189341, 3189926, 3190746, 3190746, 3191526, 3192598, 3193242, 3193788, 3193788, 3193768, 3193506, 3193605, 3193631, 3193631, 3193928, 3193969, 3194253]
T2-RE-1T:[3217594, 3217723, 3217947, 3217947, 3218068, 3218286, 3218765, 3219142, 3219142, 3219199, 3218712, 3218126, 3217418, 3217418, 3216628, 3216257, 3215561, 3214908, 3214908, 3214577, 3214284, 3214285, 3214240, 3214240, 3214107, 3214212, 3214212, 3214451, 3214451, 3214831, 3215301, 3215700, 3215597, 3215597, 3214828, 3214290, 3213452, 3213046, 3213046, 3212733, 3212158, 3212166, 3211837]
T3-RE-1T:[3227310, 3227751, 3227787, 3227787, 3227949, 3227379, 3226978, 3226235, 3226235, 3225716, 3225266, 3224638, 3224185, 3224185, 3223671, 3223390, 3223292, 3223304, 3223304, 3223425, 3223485, 3223647, 3223788, 3223788, 3224130, 3224317, 3224426, 3223897, 3223897, 3223247, 3222511, 3221863, 3221453, 3221453, 3220932, 3220422, 3219875, 3219666, 3219666, 3219384, 3219218, 3219264, 3219134]
MW-RE-1T:[3212705, 3212386, 3212224, 3212224, 3211234, 3210019, 3209207, 3207893, 3207893, 3206912, 3206026, 3205154, 3204521, 3204521, 3203702, 3203187, 3202792, 3202301, 3202301, 3201901, 3201691, 3201645, 3201748, 3201748, 3201514, 3200788, 3199755, 3198821, 3198821, 3197945, 3197375, 3196571, 3195889, 3195889, 3195254, 3194927, 3194592, 3194354, 3194354, 3194231, 3194120, 3194122, 3194122]
TP-RE-1T:[3188567, 3188370, 3188370, 3188456, 3188489, 3188609, 3189016, 3189016, 3189376, 3189534, 3189091, 3188463, 3188463, 3188068, 3187476, 3187390, 3186814, 3186814, 3186686, 3186551, 3186692, 3187019, 3187019, 3187078, 3187607, 3187932, 3188401, 3188401, 3188898, 3189232, 3188955, 3188596, 3188596, 3188247, 3187683, 3187553, 3187463, 3187463, 3187240, 3187027, 3187026, 3187289, 3187289]
LG-RE-1T:[3129810, 3129937, 3130133, 3130133, 3130281, 3130503, 3130274, 3129973, 3129973, 3129519, 3129263, 3128805, 3128603, 3128603, 3128223, 3128136, 3127822, 3127850, 3127850, 3127706, 3127709, 3127654, 3127836, 3127836, 3127581, 3126992, 3126588, 3125965, 3125965, 3125565, 3125191, 3124943, 3124807, 3124807, 3124486, 3124473, 3124311, 3124313, 3124313, 3124463, 3124667, 3124594, 3124328]
LT-RE-1T:[3125473, 3125529, 3125461, 3125662, 3125811, 3125811, 3126073, 3126206, 3125801, 3125481, 3125481, 3125084, 3124908, 3124614, 3124675, 3124675, 3124556, 3124829, 3124961, 3125377, 3125377, 3125824, 3126281, 3126897, 3127646, 3127646, 3127901, 3127793, 3127677, 3127546, 3127546, 3127602, 3127804, 3128056, 3128237, 3128237, 3128467, 3128957, 3129409, 3129905, 3129905, 3130435, 3130854]
FI-RE-1T:[3092751, 3092371, 3092147, 3091992, 3092171, 3092171, 3092294, 3092474, 3092656, 3092943, 3092943, 3093136, 3093264, 3093633, 3093907, 3093907, 3093713, 3093409, 3093101, 3092824, 3092824, 3092511, 3092352, 3092340, 3092305, 3092305, 3092215, 3092204, 3092347, 3092522, 3092522, 3092624, 3092774, 3092961, 3093030, 3093030, 3092984, 3092514, 3092145, 3091821, 3091821, 3091723, 3091259]
PS-RE-1T:[3161119, 3161119, 3160879, 3161033, 3160863, 3160673, 3160673, 3160514, 3160319, 3160461, 3160568, 3160568, 3160634, 3160779, 3160926, 3161056, 3161056, 3161159, 3161718, 3162015, 3162519, 3162519, 3162894, 3162913, 3162849, 3162949, 3162949, 3162824, 3162871, 3162992, 3163126, 3163126, 3163248, 3163551, 3163931, 3164280, 3164280, 3164616, 3164984, 3165258, 3165946, 3165946, 3166460]
WT-RE-1T:[3150836, 3149812, 3148616, 3147646, 3147646, 3146866, 3146175, 3145152, 3144509, 3144509, 3143705, 3143107, 3142265, 3141805, 3141805, 3141174, 3139562, 3138141, 3136413, 3136413, 3135083, 3133765, 3132489, 3131114, 3131114, 3130099, 3129060, 3128094, 3127288, 3127288, 3126554, 3125770, 3125111, 3124639, 3124639, 3124125, 3123637, 3122558, 3121327, 3121327, 3119913, 3118530, 3117322]
TT-RE-1T:[3060064, 3060064, 3058983, 3057760, 3056828, 3056088, 3056088, 3055225, 3054635, 3053944, 3053349, 3053349, 3052801, 3052339, 3051988, 3051861, 3051861, 3051235, 3050534, 3049557, 3048615, 3048615, 3047746, 3046968, 3046273, 3045383, 3045383, 3044905, 3044310, 3043859, 3043475, 3043475, 3042995, 3042689, 3042583, 3042583, 3042376, 3042321, 3042082, 3041085, 3041085, 3040196, 3039607]
LP-RE-1T:[3120484, 3119969, 3119351, 3119351, 3118708, 3117842, 3116899, 3115873, 3115873, 3114614, 3113846, 3112902, 3112228, 3112228, 3111324, 3110694, 3110263, 3109645, 3109645, 3109137, 3108594, 3108310, 3107608, 3107608, 3106787, 3106045, 3105418, 3104752, 3104752, 3104117, 3103330, 3102764, 3102344, 3102344, 3101867, 3101391, 3100840, 3100552, 3100552, 3100510, 3100008, 3099543, 3098821]